-116.430  34.207 1992  6 28 7.3   1.99 11 57
-116.398  34.135 1992  6 28 5.7   0.01 12  0
-116.533  34.547 1992  6 28 4.6  10.80 12 17
-116.772  34.180 1992  6 28 4.3   0.01 12 18
-117.325  35.110 1992  6 28 4.4  21.76 12 26
-116.415  34.166 1992  6 28 5.3  10.46 12 36
-116.476  34.385 1992  6 28 5.4   0.00 12 40
-116.414  34.126 1992  6 28 4.4   8.25 12 43
-117.686  35.942 1992  6 28 2.9   8.87 12 49
-116.543  34.485 1992  6 28 4.3   7.32 12 56
-116.444  34.347 1992  6 28 3.7   4.00 13  6
-116.478  34.416 1992  6 28 4.7  15.20 13 10
-116.416  34.158 1992  6 28 4.1   0.00 13 17
-116.378  34.107 1992  6 28 4.4   0.00 13 18
-116.401  34.125 1992  6 28 3.3   5.94 13 19
-116.413  34.123 1992  6 28 3.3   6.10 13 23
-116.433  34.223 1992  6 28 3.7   1.62 13 23
-116.397  34.174 1992  6 28 4.8   0.04 13 26
-116.408  34.204 1992  6 28 4.2   8.51 13 40
-117.885  36.230 1992  6 28 2.6   3.43 13 44
-116.374  34.100 1992  6 28 4.1   7.05 13 50
-116.399  34.144 1992  6 28 4.9   3.70 13 50
-117.542  35.666 1992  6 28 2.9   2.01 13 57
-116.641  34.114 1992  6 28 4.1  10.48 14  9
-116.465  34.356 1992  6 28 3.1   0.68 14 10
-116.633  34.615 1992  6 28 3.9   0.85 14 29
-116.437  34.638 1992  6 28 3.5  25.23 14 32
-116.611  34.613 1992  6 28 3.6  12.62 14 32
-116.447  34.267 1992  6 28 3.5   5.28 14 35
-116.423  34.098 1992  6 28 4.3   1.55 14 39
-116.859  34.164 1992  6 28 5.5   9.22 14 43
-116.865  34.190 1992  6 28 3.4  11.56 14 59
-116.826  34.163 1992  6 28 4.4  11.75 15  4
-116.829  34.194 1992  6 28 6.4   9.27 15  5
-116.827  34.153 1992  6 28 4.0  25.07 15 16
-116.844  34.143 1992  6 28 4.6   0.00 15 17
-116.742  34.228 1992  6 28 4.6  13.41 15 18
-117.286  35.113 1992  6 28 3.6  10.67 15 23
-116.755  34.219 1992  6 28 4.7   6.00 15 24
-116.781  34.229 1992  6 28 4.2   1.48 15 25
-116.382  34.094 1992  6 28 4.2   3.33 15 45
-116.851  34.133 1992  6 28 3.8   0.00 15 46
-116.845  34.157 1992  6 28 3.3  10.81 15 48
-116.721  34.230 1992  6 28 4.1   4.00 15 53
-116.420  34.200 1992  6 28 3.1   2.36 15 55
-116.402  34.180 1992  6 28 3.0   3.90 15 55
-116.747  34.222 1992  6 28 4.0   1.74 15 56
-116.384  34.071 1992  6 28 3.3   2.81 15 57
-116.357  34.047 1992  6 28 4.3   9.13 16  1
-116.748  34.224 1992  6 28 4.1   9.75 16  8
-116.366  34.062 1992  6 28 4.1   0.55 16  9
-116.855  34.133 1992  6 28 3.2   0.12 16 15
-116.752  34.215 1992  6 28 4.2   4.11 16 17
-116.403  33.970 1992  6 28 3.4   4.29 16 27
-116.428  34.198 1992  6 28 3.7   7.36 16 27
-116.611  34.599 1992  6 28 4.4   4.01 16 32
-116.620  34.604 1992  6 28 4.1   6.21 16 33
-116.819  34.153 1992  6 28 3.6  10.47 16 40
-116.420  34.163 1992  6 28 3.0   4.41 16 45
-116.872  34.145 1992  6 28 3.0  12.55 16 45
-116.301  33.955 1992  6 28 2.6   0.00 16 45
-116.309  33.940 1992  6 28 2.8   0.52 16 46
-116.874  34.245 1992  6 28 3.6   8.45 16 49
-116.441  34.214 1992  6 28 2.9   8.68 16 49
-116.364  34.063 1992  6 28 2.6   1.10 16 50
-116.358  34.054 1992  6 28 3.4   0.83 16 52
-116.443  34.303 1992  6 28 3.3   6.07 16 53
-116.586  35.702 1992  6 28 3.2  20.48 16 57
-116.927  34.176 1992  6 28 5.1  14.28 17  1
-116.333  34.023 1992  6 28 3.7   0.01 17  4
-116.907  34.255 1992  6 28 5.0  10.37 17  5
-116.897  34.240 1992  6 28 3.5  10.80 17 10
-116.458  34.265 1992  6 28 3.6  12.14 17 14
-116.646  34.336 1992  6 28 3.6   8.64 17 14
-116.533  35.737 1992  6 28 4.1  15.45 17 16
-116.802  34.184 1992  6 28 4.1  10.48 17 18
-116.772  34.271 1992  6 28 4.0   2.23 17 18
-116.342  34.024 1992  6 28 3.6   0.01 17 19
-116.392  34.028 1992  6 28 2.5   4.12 17 20
-116.860  34.223 1992  6 28 4.2   2.16 17 21
-116.844  34.171 1992  6 28 1.3   1.84 17 23
-116.756  34.234 1992  6 28 3.6  10.24 17 25
-116.452  34.294 1992  6 28 4.1   6.89 17 31
-116.815  34.200 1992  6 28 4.0   4.40 17 32
-116.496  34.446 1992  6 28 3.6   7.60 17 39
-116.453  34.379 1992  6 28 4.0   0.14 17 39
-116.899  34.238 1992  6 28 4.0  10.61 17 42
-116.852  34.156 1992  6 28 4.1   4.14 17 44
-116.863  34.126 1992  6 28 3.6   1.94 17 45
-116.749  34.218 1992  6 28 4.4   0.79 17 48
-116.795  34.199 1992  6 28 3.1   3.62 17 52
-116.798  34.182 1992  6 28 3.6   7.63 17 52
-116.838  34.206 1992  6 28 3.2   2.36 17 53
-116.894  34.254 1992  6 28 3.5  10.66 17 54
-116.892  34.234 1992  6 28 3.8   5.09 18  0
-116.896  34.249 1992  6 28 3.4  10.56 18  1
-116.748  34.114 1992  6 28 2.4   6.00 18  2
-117.688  36.283 1992  6 28 2.6  11.53 18 12
-116.400  34.066 1992  6 28 3.4  24.75 18 13
-116.344  34.025 1992  6 28 3.8   1.04 18 18
-116.362  34.070 1992  6 28 2.9   2.01 18 22
-116.850  34.157 1992  6 28 3.5   4.30 18 23
-116.818  34.219 1992  6 28 3.6   7.43 18 25
-116.434  34.256 1992  6 28 3.5   3.71 18 26
-116.573  34.571 1992  6 28 3.4   0.00 18 27
-116.484  34.424 1992  6 28 3.1   7.57 18 28
-116.978  34.997 1992  6 28 3.3   4.60 18 35
-117.537  35.659 1992  6 28 2.5   2.01 18 36
-116.355  34.034 1992  6 28 3.0   1.60 18 40
-116.362  34.065 1992  6 28 3.4   0.00 18 43
-116.789  34.195 1992  6 28 3.0   5.99 18 48
-116.791  34.195 1992  6 28 3.5  10.81 18 53
-116.862  34.227 1992  6 28 3.5   4.79 18 55
-116.455  34.282 1992  6 28 2.9   8.92 18 57
-116.808  34.179 1992  6 28 3.3   4.79 18 58
-116.674  34.625 1992  6 28 3.0   6.69 18 59
-116.740  34.258 1992  6 28 3.8   1.40 19  0
-115.449  32.797 1992  6 28 1.8   9.44 19  6
-117.802  36.087 1992  6 28 2.1   6.23 19  7
-116.452  34.160 1992  6 28 3.8   3.78 19 11
-116.387  34.105 1992  6 28 3.5   4.31 19 13
-116.287  33.839 1992  6 28 2.5   2.10 19 15
-118.048  35.922 1992  6 28 2.1  11.72 19 15
-116.835  34.304 1992  6 28 3.7   2.71 19 19
-116.800  34.179 1992  6 28 4.2   0.41 19 26
-116.488  34.122 1992  6 28 3.6  18.01 19 30
-117.395  35.924 1992  6 28 3.5  10.18 19 36
-116.520  34.522 1992  6 28 3.5  11.47 19 36
-116.440  34.377 1992  6 28 3.0   2.87 19 37
-116.438  34.194 1992  6 28 3.7   3.22 19 42
-116.436  34.137 1992  6 28 2.8   6.00 19 43
-116.839  34.164 1992  6 28 3.0   2.88 19 45
-116.434  34.246 1992  6 28 3.5   3.99 19 46
-116.748  34.225 1992  6 28 2.7   2.33 19 48
-116.452  34.239 1992  6 28 3.0  10.88 19 53
-116.786  34.233 1992  6 28 2.9   3.36 19 54
-116.394  34.064 1992  6 28 3.4   1.15 19 55
-116.843  34.233 1992  6 28 3.2   6.00 19 58
-116.451  34.261 1992  6 28 3.4   2.25 20  1
-116.407  34.131 1992  6 28 2.6   6.00 20  2
-116.294  33.883 1992  6 28 3.6   1.22 20  4
-116.651  34.642 1992  6 28 3.2  12.52 20  5
-116.510  33.796 1992  6 28 3.3   0.00 20 10
-117.719  35.912 1992  6 28 2.6   6.82 20 10
-116.349  34.021 1992  6 28 2.9   1.98 20 11
-116.374  34.110 1992  6 28 3.0   8.04 20 12
-116.351  34.055 1992  6 28 3.1   4.60 20 13
-116.827  34.153 1992  6 28 2.8   7.77 20 14
-116.821  34.182 1992  6 28 3.0   2.08 20 14
-116.979  35.030 1992  6 28 3.6   1.22 20 14
-116.718  34.799 1992  6 28 3.1  12.86 20 16
-116.348  34.037 1992  6 28 2.8   2.63 20 16
-116.821  34.185 1992  6 28 2.8   8.95 20 17
-116.953  34.994 1992  6 28 3.0   3.43 20 18
-116.669  34.645 1992  6 28 2.9   5.13 20 19
-116.453  34.353 1992  6 28 2.8   8.38 20 19
-116.743  34.234 1992  6 28 2.6  10.08 20 22
-116.744  34.234 1992  6 28 2.6  10.05 20 22
-116.415  34.134 1992  6 28 3.6   2.01 20 23
-117.624  35.647 1992  6 28 2.8   4.50 20 34
-116.961  35.000 1992  6 28 3.1   1.07 20 34
-116.501  34.460 1992  6 28 3.1   8.45 20 37
-117.252  34.047 1992  6 28 2.6  15.82 20 46
-116.523  34.096 1992  6 28 3.5   8.63 20 46
-116.532  34.450 1992  6 28 3.0  12.86 20 48
-116.348  34.007 1992  6 28 3.0   2.50 20 49
-116.547  34.606 1992  6 28 3.0  14.25 20 49
-116.794  34.168 1992  6 28 2.6  11.40 20 50
-116.777  34.202 1992  6 28 4.1  12.62 20 51
-116.817  34.190 1992  6 28 3.3   0.03 20 54
-116.804  34.207 1992  6 28 2.9   1.00 20 55
-117.721  35.910 1992  6 28 2.4   4.96 20 57
-116.637  34.598 1992  6 28 3.5   0.12 20 58
-116.756  34.200 1992  6 28 2.9   2.42 21  6
-117.012  33.977 1992  6 28 2.3  12.54 21  7
-116.742  34.242 1992  6 28 3.3  10.54 21  9
-116.871  34.149 1992  6 28 2.7   4.13 21 11
-116.424  34.098 1992  6 28 4.6   0.46 21 13
-116.715  34.256 1992  6 28 2.9   1.73 21 15
-116.691  34.659 1992  6 28 3.5   1.11 21 16
-116.755  34.223 1992  6 28 3.2   2.68 21 19
-116.424  34.171 1992  6 28 3.3   0.00 21 22
-116.743  34.237 1992  6 28 3.5  11.63 21 23
-116.416  34.106 1992  6 28 3.0   2.41 21 24
-116.403  34.132 1992  6 28 3.1   6.51 21 24
-116.884  34.116 1992  6 28 3.2   0.06 21 27
-116.940  34.964 1992  6 28 3.3   0.81 21 30
-116.505  34.411 1992  6 28 2.1  10.70 21 34
-116.381  34.121 1992  6 28 2.8   9.01 21 34
-116.469  34.414 1992  6 28 3.3   2.86 21 38
-116.400  34.209 1992  6 28 2.7   2.84 21 39
-116.732  34.124 1992  6 28 3.4  10.95 21 40
-116.800  34.168 1992  6 28 2.7   0.05 21 41
-116.790  34.257 1992  6 28 2.8   7.83 21 41
-116.683  34.151 1992  6 28 2.7  12.14 21 42
-116.341  34.015 1992  6 28 2.9   0.03 21 44
-116.646  34.623 1992  6 28 3.3   3.65 21 45
-116.866  34.133 1992  6 28 3.5  10.22 21 46
-116.730  34.125 1992  6 28 2.5  10.69 21 47
-116.350  34.023 1992  6 28 2.8   0.01 21 47
-116.866  34.132 1992  6 28 0.7  10.00 21 49
-116.344  34.018 1992  6 28 3.3   1.56 21 49
-116.405  34.119 1992  6 28 3.0   0.76 21 50
-116.599  34.763 1992  6 28 3.8  16.72 21 51
-116.463  34.345 1992  6 28 3.6   1.77 21 51
-116.611  34.626 1992  6 28 3.2   1.45 21 54
-116.453  34.300 1992  6 28 3.8   1.24 21 55
-116.864  34.137 1992  6 28 3.5   9.72 21 55
-116.769  34.203 1992  6 28 3.5   0.19 21 56
-116.787  34.241 1992  6 28 3.6   4.33 22  3
-116.401  34.065 1992  6 28 2.5   1.64 22  4
-116.673  34.626 1992  6 28 3.5   0.00 22  7
-116.761  34.211 1992  6 28 2.3   7.24 22  9
-116.352  34.063 1992  6 28 4.0   6.80 22 13
-116.362  34.066 1992  6 28 3.0   6.56 22 15
-117.051  34.066 1992  6 28 2.7  11.34 22 15
-116.348  34.039 1992  6 28 2.6   0.32 22 15
-116.829  34.156 1992  6 28 3.3   8.49 22 17
-116.403  34.125 1992  6 28 3.6   6.00 22 17
-116.832  34.171 1992  6 28 2.8   1.65 22 20
-116.808  34.173 1992  6 28 3.7   2.79 22 21
-116.489  34.488 1992  6 28 3.2  11.53 22 23
-117.640  35.783 1992  6 28 2.1   3.83 22 26
-116.997  34.095 1992  6 28 2.5   0.91 22 28
-117.641  35.785 1992  6 28 2.7   4.10 22 35
-116.558  34.555 1992  6 28 3.1   5.38 22 39
-116.395  34.089 1992  6 28 3.5   9.09 22 41
-117.877  36.187 1992  6 28 3.0   5.49 22 42
-116.431  34.090 1992  6 28 2.6   2.55 22 43
-116.460  34.157 1992  6 28 4.2  11.34 22 48
-116.872  34.224 1992  6 28 3.2   3.21 22 50
-116.379  34.106 1992  6 28 3.0   7.56 22 51
-116.727  34.114 1992  6 28 3.5   2.41 22 56
-116.513  34.442 1992  6 28 3.6  13.47 22 58
-117.643  35.784 1992  6 28 2.2   3.83 23  1
-116.658  34.313 1992  6 28 3.4   0.00 23  2
-117.549  35.670 1992  6 28 2.0   0.38 23 10
-116.782  34.211 1992  6 28 3.3   0.86 23 13
-117.640  35.783 1992  6 28 3.1   3.94 23 13
-116.691  34.275 1992  6 28 3.3   6.09 23 16
-116.389  34.133 1992  6 28 3.5   6.31 23 23
-116.428  34.202 1992  6 28 3.4   0.00 23 24
-116.854  34.224 1992  6 28 3.0   3.81 23 29
-116.343  34.035 1992  6 28 2.9   0.88 23 30
-116.408  34.175 1992  6 28 3.6   0.29 23 33
-116.404  34.172 1992  6 28 3.2   8.65 23 33
-116.791  34.167 1992  6 28 2.3   3.30 23 35
-116.618  34.600 1992  6 28 3.0   5.73 23 41
-116.642  34.628 1992  6 28 3.1   1.33 23 43
-116.840  34.133 1992  6 28 2.9   1.34 23 46
-116.703  34.266 1992  6 28 3.1  11.80 23 48
-116.394  34.166 1992  6 28 3.2   0.85 23 50
-116.527  34.510 1992  6 28 3.2   1.69 23 52
-116.606  34.627 1992  6 28 3.0   3.07 23 56
-116.778  34.250 1992  6 28 2.8   6.00 23 56
-116.756  34.235 1992  6 28 2.9   9.94 23 57


