  -3.5152940e+00   9.0009207e+01   1.7999765e+02   2.4167231e-03
  -3.5218160e+00   9.0007907e+01   1.7999846e+02  -6.4801266e-03
  -3.5226497e+00   9.0005840e+01   1.7999887e+02  -3.1186580e-02
  -3.5093945e+00   9.0006675e+01   1.7999755e+02  -3.2904096e-02
  -3.5061544e+00   9.0009672e+01   1.7999655e+02   7.6165022e-04
  -3.5112354e+00   9.0010529e+01   1.7999667e+02   1.4165880e-02
  -3.5132647e+00   9.0009618e+01   1.7999782e+02   6.1148961e-03
  -3.5275202e+00   9.0007222e+01   1.7999978e+02   1.6692256e-03
  -3.5446765e+00   8.9998120e+01   1.7999609e+02  -6.1659021e-02
  -3.5020203e+00   9.0000616e+01   1.7999829e+02  -7.7391579e-02
  -3.5054328e+00   9.0012882e+01   1.7999541e+02   3.1269797e-02
  -3.5170332e+00   9.0012333e+01   1.7999658e+02   3.1485126e-02
  -3.5067106e+00   9.0010675e+01   1.7999731e+02   4.5375224e-03
  -3.5211382e+00   9.0009517e+01   1.7999782e+02   2.0359228e-02
  -3.6264393e+00   8.9969375e+01   1.7996661e+02  -7.9465800e-02
  -3.4343156e+00   8.9970154e+01   1.7999509e+02  -2.3029615e-01
  -3.5379585e+00   9.0032056e+01   1.7999377e+02   1.4946658e-01
  -3.5299834e+00   9.0015260e+01   1.7999729e+02   4.5050937e-02
  -3.5028790e+00   9.0011039e+01   1.7999539e+02  -8.9984704e-03
  -3.4906617e+00   9.0016765e+01   1.7999560e+02  -1.0769043e-03
  -3.5888026e+00   8.9986090e+01   1.7991239e+02  -7.6317455e-02
  -5.6996444e+00   9.3081027e+01   1.7999868e+02   7.3533486e+00
  -3.6166430e+00   9.0056858e+01   1.7998850e+02   1.3968308e-01
  -3.5333266e+00   9.0015207e+01   1.7999945e+02   2.0730136e-02
  -3.5185892e+00   9.0007496e+01   1.7999359e+02  -8.8946037e-03
  -3.5294332e+00   9.0000236e+01   1.7997570e+02  -2.5616144e-02
  -4.2996741e+00   8.9405690e+01   1.7995864e+02   7.4538960e-01
  -4.3218526e+00   9.0705263e+01   1.7982693e+02   2.5824136e-01
  -3.5157290e+00   9.0012536e+01   1.7998902e+02  -9.8800882e-03
  -3.5140102e+00   9.0010473e+01   1.7999989e+02  -8.9236129e-03
  -3.5359813e+00   9.0003170e+01   1.7999503e+02   2.9749161e-02
  -3.6163279e+00   8.9961548e+01   1.7998959e+02   1.8907318e-01
  -2.8616606e+00   8.9643483e+01   1.7972805e+02   1.3514571e+00
  -3.6249568e+00   9.0063961e+01   1.7991720e+02  -1.3129487e-01
  -3.5074220e+00   9.0006314e+01   1.7999491e+02   7.6150617e-03
  -3.5048880e+00   9.0008213e+01   1.7999785e+02  -3.7521732e-03
  -3.5265280e+00   9.0004596e+01   1.7999704e+02   4.3879569e-02
  -3.5198695e+00   8.9996495e+01   1.7999978e+02   1.0324779e-01
  -3.4732473e+00   9.0050301e+01   1.7999123e+02  -2.1924024e-01
  -3.5910702e+00   9.0039191e+01   1.7997326e+02  -8.6112797e-02
  -3.5251931e+00   9.0010996e+01   1.7999234e+02   1.0096158e-02
  -3.5096390e+00   9.0008852e+01   1.7999643e+02   4.8359872e-03
  -3.5146055e+00   9.0007462e+01   1.7999740e+02   2.5689979e-02
  -3.5041184e+00   9.0008384e+01   1.7999802e+02   1.4018156e-02
  -3.5064599e+00   9.0017584e+01   1.7999529e+02  -6.8003179e-02
  -3.5360185e+00   9.0018185e+01   1.7999188e+02  -5.1699621e-02
  -3.5254795e+00   9.0011718e+01   1.7999437e+02  -2.9597061e-03
  -3.5141937e+00   9.0009634e+01   1.7999619e+02   4.2787871e-03
  -3.5104660e+00   9.0008874e+01   1.7999724e+02   1.0308919e-02
  -3.5066808e+00   9.0009846e+01   1.7999722e+02  -3.6542107e-03
  -3.5103720e+00   9.0012114e+01   1.7999636e+02  -2.9294558e-02
  -3.5203840e+00   9.0012522e+01   1.7999545e+02  -2.6546519e-02
  -3.5201152e+00   9.0010941e+01   1.7999577e+02  -7.1719058e-03
  -3.5151641e+00   9.0009878e+01   1.7999639e+02   1.1146912e-03
