PDE  2002/07/29 23:40:08.0  -6.98  -76.82  61.1 5.2 0.0 NORTHERN PERU           
B072902C         B: 32   43  45 S:  0    0   0 M:  0    0   0 CMT: 1 BOXHD:  1.0
CENTROID:      4.2 0.7  -7.07 0.05  -76.60 0.06  80.8  5.7 FREE O-00000000000000
23  5.551 0.292  0.472 0.413 -6.023 0.528  2.085 0.677 -2.792 0.430  0.742 0.421
V10   6.750 70  34   0.110 14 167  -6.860 14 260   6.810   9 33  116 159 60   74
PDE  2002/07/30 06:55:07.8 -57.89  -23.24  33.0 5.7 5.8 SOUTH SANDWICH ISLANDS R
C073002A         B: 60  143  45 S:  0    0   0 M: 53  108 135 CMT: 1 BOXHD:  2.8
CENTROID:      3.6 0.1 -58.02 0.01  -23.02 0.01  15.0  0.0 BDY  O-00000000000000
25 -1.507 0.015 -0.574 0.017  2.081 0.014 -0.465 0.047  0.564 0.057 -0.034 0.013
V10   2.170  9 268  -0.400 20 174  -1.770 68  20   1.970  20 40  -57 161 57 -114
PDE  2002/07/30 20:02:06.4  -6.50  130.31 102.6 5.4 0.0 BANDA SEA               
B073002C         B: 44   64  45 S:  0    0   0 M:  0    0   0 CMT: 1 BOXHD:  1.0
CENTROID:      1.3 0.3  -6.44 0.03  130.42 0.04 101.5  2.0 FREE O-00000000000000
23  8.003 0.392 -9.785 0.549  1.782 0.779  2.217 0.448 -0.241 0.387  0.813 0.478
V10   8.280 83  10   1.840  1 274 -10.120  7 184   9.200 273 38   89  95 52   91
PDE  2002/07/31 00:16:44.6   7.93  -82.79  10.0 6.0 6.4 SOUTH OF PANAMA         
C073102A         B: 60  140  45 S:  0    0   0 M: 60  137 135 CMT: 1 BOXHD:  4.3
CENTROID:      9.0 0.1   8.11 0.01  -82.92 0.01  17.0  0.0 BDY  O-00000000000000
25  1.251 0.029 -2.621 0.026  1.370 0.032  1.048 0.094 -1.695 0.101  5.643 0.024
V10   5.510 11 124   1.510 73 353  -7.020 13 216   6.270 260 73   -1 350 89 -163
PDE  2002/07/31 04:45:14.3   7.91  -82.79  10.0 5.0 4.7 SOUTH OF PANAMA         
B073102C         B: 19   29  45 S:  0    0   0 M:  0    0   0 CMT: 1 BOXHD:  1.0
CENTROID:      9.5 0.8   7.93 0.13  -82.60 0.15  15.0  0.0 FIX  O-00000000000000
23  4.563 0.802 -6.223 0.960  1.660 1.414  2.134 3.469 -4.555 3.158  5.938 0.739
V10   8.190 47 104   2.340 38 314 -10.530 16 211   9.360 261 45   28 150 71  131
PDE  2002/07/31 09:12:44.7   7.53  -36.32  10.0 5.2 4.7 CENTRAL MID-ATLANTIC RID
B073102D         B: 55  108  45 S:  0    0   0 M:  0    0   0 CMT: 1 BOXHD:  1.2
CENTROID:      5.5 0.3   7.42 0.03  -36.36 0.03  15.0  0.0 FIX  O-00000000000000
24 -0.106 0.036  0.064 0.054  0.043 0.061  0.000 0.000  0.000 0.000 -1.382 0.034
V10   1.440  0 225  -0.110 90 180  -1.330  0 135   1.380 270 90 -180   0 90    0
PDE  2002/08/01 19:10:10.6   7.75  -82.75  10.0 5.1 4.8 SOUTH OF PANAMA         
B080102A         B: 37   57  45 S:  0    0   0 M:  0    0   0 CMT: 1 BOXHD:  1.0
CENTROID:      2.7 0.4   7.76 0.05  -82.91 0.04  15.0  0.0 FIX  O-00000000000000
23 -2.055 0.291 -1.993 0.382  4.048 0.477  0.000 0.000  0.000 0.000  6.373 0.297
V10   8.080  0 122  -2.050 90 180  -6.020  0  32   7.050 167 90 -180 257 90    0
PDE  2002/08/02 06:32:45.3  16.83  146.34  67.5 5.1 0.0 MARIANA ISLANDS         
B080202A         B: 11   14  45 S:  0    0   0 M:  0    0   0 CMT: 1 BOXHD:  1.0
CENTROID:      0.1 1.2  16.71 0.09  146.81 0.14 116.1  7.7 FREE O-00000000000000
23 -1.747 0.460  1.806 0.879 -0.059 0.889  0.959 0.583  3.713 0.576 -0.656 0.605
V10   2.900 39 270   2.010  8   6  -4.910 50 105   3.910 314 10 -142 187 84  -82
PDE  2002/08/02 08:04:33.0   0.31  122.03 195.9 4.9 0.0 MINAHASSA PENINSULA     
B080202B         B: 12   15  45 S:  0    0   0 M:  0    0   0 CMT: 1 BOXHD:  1.0
CENTROID:      0.8 1.2   0.22 0.08  121.61 0.14 191.2  4.3 FREE O-00000000000000
23  4.960 0.656 -0.472 0.968 -4.488 1.494 -1.162 0.636 -0.569 1.274  0.818 0.925
V10   5.250 78 160  -0.590 12 350  -4.660  2 260   4.960 337 44   72 181 48  106
PDE  2002/08/02 16:13:19.2  12.13  -86.69  69.9 5.2 0.0 NICARAGUA               
B080202C         B: 47   72  45 S:  0    0   0 M:  0    0   0 CMT: 1 BOXHD:  1.0
CENTROID:      3.5 0.3  11.91 0.03  -87.08 0.03  69.1  2.7 FREE O-00000000000000
23 -7.503 0.237  2.493 0.389  5.010 0.463 -0.948 0.444 -0.690 0.435 -1.803 0.295
V10   5.950  1  62   1.700  7 152  -7.650 83 327   6.800 145 45 -100 339 46  -80
PDE  2002/08/02 23:11:39.1  29.28  138.97 426.1 5.5 0.0 SOUTH OF HONSHU, JAPAN  
C080202D         B: 59  153  45 S:  0    0   0 M: 52   87 135 CMT: 1 BOXHD:  3.2
CENTROID:      5.7 0.1  29.35 0.01  139.25 0.01 441.5  0.5 FREE O-00000000000000
25 -0.473 0.013  1.091 0.019 -0.618 0.021  0.837 0.018 -2.165 0.017 -0.613 0.019
V10   2.420 35  41   0.300 25 150  -2.720 45 267   2.570  73 25 -168 332 85  -65
PDE  2002/08/03 02:39:01.8   8.26  -82.82  10.0 5.4 5.5 PANAMA-COSTA RICA BORDER
B080302B         B: 56  114  45 S:  0    0   0 M:  0    0   0 CMT: 1 BOXHD:  2.0
CENTROID:      7.9 0.1   8.21 0.02  -83.02 0.02  15.0  0.0 FIX  O-00000000000000
24  1.446 0.074  3.575 0.091 -5.021 0.114  0.990 0.273  0.775 0.290  4.474 0.076
V10   5.820 16 337   1.120 74 165  -6.940  2  67   6.380 113 77   10  21 81  167
PDE  2002/08/03 14:18:13.4  -1.51  -14.37  10.0 5.3 5.1 NORTH OF ASCENSION ISLAN
B080302C         B: 59  122  45 S:  0    0   0 M:  0    0   0 CMT: 1 BOXHD:  1.8
CENTROID:      6.4 0.1  -0.86 0.02  -14.39 0.02  15.0  0.0 BDY  O-00000000000000
24 -0.544 0.048  2.117 0.064 -1.573 0.071 -0.683 0.213  2.058 0.183 -3.662 0.050
V10   4.900 18 215  -0.520 62 340  -4.380 22 117   4.640 257 62 -177 165 87  -28
PDE  2002/08/04 00:21:42.9  11.37  -87.31  33.0 5.2 4.8 NEAR COAST OF NICARAGUA 
B080402A         B: 52   97  45 S:  0    0   0 M:  0    0   0 CMT: 1 BOXHD:  1.6
CENTROID:      1.5 0.2  11.24 0.03  -88.02 0.03  15.0  0.0 FIX  O-00000000000000
24 -2.270 0.041  1.331 0.050  0.939 0.059 -0.906 0.228 -0.809 0.169 -0.998 0.044
V10   2.160  3 218   0.610 22 127  -2.770 67 315   2.470 330 47  -58 108 52 -119
PDE  2002/08/04 09:50:25.2 -45.02  -80.73  10.0 5.5 4.9 OFF COAST OF SOUTHERN CH
B080402B         B: 59  114  45 S:  0    0   0 M:  0    0   0 CMT: 1 BOXHD:  1.8
CENTROID:      2.8 0.1 -44.99 0.02  -80.83 0.03  15.0  0.0 FIX  O-00000000000000
24 -0.541 0.064  2.082 0.077 -1.540 0.079 -0.101 0.238  0.888 0.188 -3.757 0.069
V10   4.500  6 213  -0.460 77 331  -4.040 11 121   4.270 257 77 -176 167 86  -13
PDE  2002/08/04 15:16:27.0 -35.46  -16.24  10.0 5.4 5.3 SOUTH ATLANTIC RIDGE    
B080402C         B: 64  146  45 S:  0    0   0 M:  0    0   0 CMT: 1 BOXHD:  2.2
CENTROID:      7.1 0.1 -35.29 0.02  -16.17 0.02  15.0  0.0 FIX  O-00000000000000
24  0.725 0.090 -4.129 0.113  3.403 0.112 -0.728 0.307 -2.395 0.309  6.981 0.098
V10   8.350 18 120  -0.010 72 314  -8.340  4 211   8.340 257 75   10 165 80  164
PDE  2002/08/05 01:25:16.3  15.94  -95.74  10.0 5.2 4.9 NEAR COAST OF OAXACA, ME
B080502A         B: 51   87  45 S:  0    0   0 M:  0    0   0 CMT: 1 BOXHD:  1.2
CENTROID:      7.9 0.3  16.06 0.05  -95.65 0.05  15.0  0.0 BDY  O-00000000000000
24  0.813 0.039 -0.856 0.046  0.043 0.063  1.357 0.152 -0.290 0.123 -0.082 0.035
V10   1.630 59  21  -0.010  8 277  -1.620 29 183   1.620 251 17   62  99 75   98
PDE  2002/08/06 06:05:58.3   8.34   93.43  79.2 5.1 0.0 NICOBAR ISLANDS REGION  
B080602A         B: 27   36  45 S:  0    0   0 M:  0    0   0 CMT: 1 BOXHD:  1.0
CENTROID:      1.7 0.8   8.23 0.05   93.40 0.09  72.3  8.1 FREE O-00000000000000
23  2.877 0.275 -4.727 0.467  1.850 0.562 -0.495 0.653 -2.674 0.509 -0.018 0.346
V10   5.100 50  93  -0.330 39 264  -4.770  4 358   4.930 122 53  142 237 61   43
PDE  2002/08/06 14:26:12.2  -5.36  -76.62 106.8 5.3 0.0 NORTHERN PERU           
B080602C         B: 41   51  45 S:  0    0   0 M:  0    0   0 CMT: 1 BOXHD:  1.1
CENTROID:      4.7 0.5  -5.41 0.05  -76.72 0.04 119.9  2.4 FREE O-00000000000000
23 -6.820 0.339  0.621 0.521  6.199 0.571 -1.899 0.409  4.156 0.393 -2.735 0.528
V10   8.660 16 248  -0.490  1 157  -8.170 74  63   8.420 340 29  -87 157 61  -91
PDE  2002/08/06 18:51:32.4  -5.54  141.83  10.0 5.3 5.2 PAPUA NEW GUINEA        
B080602D         B: 59  107  45 S:  0    0   0 M:  0    0   0 CMT: 1 BOXHD:  1.3
CENTROID:      8.0 0.2  -5.58 0.03  141.90 0.03  17.0  0.0 BDY  O-00000000000000
24  1.793 0.041 -1.657 0.045 -0.136 0.057  0.110 0.164 -1.081 0.098  0.819 0.044
V10   2.290 65  98  -0.200 24 301  -2.100  9 207   2.190 272 42   53 137 58  118
PDE  2002/08/06 19:53:11.0  61.42 -150.35  55.9 5.1 0.0 SOUTHERN ALASKA         
B080602E         B: 22   30  45 S:  0    0   0 M:  0    0   0 CMT: 1 BOXHD:  1.0
CENTROID:      2.5 0.8  61.73 0.10 -150.47 0.15  80.6  9.2 FREE O-00000000000000
23 -1.799 0.252  0.020 0.373  1.779 0.341  0.482 0.318  2.860 0.284  0.522 0.461
V10   3.500 28 283  -0.110  3 191  -3.390 61  96   3.450  21 17  -80 190 73  -93
PDE  2002/08/07 04:50:06.7 -21.86 -176.58 174.2 5.4 0.0 FIJI ISLANDS REGION     
B080702A         B: 56  113  45 S:  0    0   0 M:  0    0   0 CMT: 1 BOXHD:  1.9
CENTROID:      3.1 0.2 -21.92 0.02 -176.16 0.02 178.5  0.6 FREE O-00000000000000
24 -0.037 0.068  0.484 0.099 -0.447 0.095 -1.254 0.067 -4.535 0.062  0.650 0.093
V10   4.730 44 115   0.080 10  16  -4.810 44 276   4.770 286 10    0 196 90  100
PDE  2002/08/07 16:06:38.9   1.46  126.16  33.0 5.1 0.0 MOLUCCA PASSAGE         
B080702C         B: 19   26  45 S:  0    0   0 M:  0    0   0 CMT: 1 BOXHD:  1.0
CENTROID:      5.9 1.0   1.67 0.09  126.10 0.09  47.9  8.6 FREE O-00000000000000
23  2.871 0.293  0.331 0.266 -3.202 0.450  1.887 0.496  2.824 0.516 -0.560 0.319
V10   4.570 62 320   0.050 14 202  -4.630 23 106   4.600 170 25   55  27 70  105
PDE  2002/08/07 16:44:43.4   7.02 -104.24  10.0 5.0 0.0 OFF COAST OF MEXICO     
B080702D         B: 21   24  45 S:  0    0   0 M:  0    0   0 CMT: 1 BOXHD:  1.0
CENTROID:      4.1 0.9   7.08 0.13 -104.23 0.16  15.0  0.0 FIX  O-00000000000000
23  3.102 0.389 -2.175 0.426 -0.927 0.694 -2.929 1.843 -1.028 1.853 -0.204 0.291
V10   4.540 64 159  -0.920  3 254  -3.620 25 346   4.080  82 20   98 253 70   87
PDE  2002/08/07 23:59:14.5   7.85  -82.89  10.0 5.6 5.6 SOUTH OF PANAMA         
B080702E         B: 58  139  45 S:  0    0   0 M:  0    0   0 CMT: 1 BOXHD:  2.2
CENTROID:      4.3 0.1   7.78 0.02  -82.82 0.01  15.0  0.0 FIX  O-00000000000000
24 -0.387 0.085 -3.159 0.097  3.546 0.125  4.831 0.260 -1.431 0.311  7.185 0.085
V10   8.390 11 306   1.780 61  56 -10.160 27 210   9.270 351 63 -168 256 79  -27
PDE  2002/08/08 04:13:36.6   1.61  127.49 114.1 5.0 0.0 HALMAHERA               
B080802A         B: 18   24  45 S:  0    0   0 M:  0    0   0 CMT: 1 BOXHD:  1.0
CENTROID:      5.9 1.0   1.60 0.06  127.41 0.17 127.5  5.0 FREE O-00000000000000
23 -1.271 0.464  3.073 0.541 -1.802 0.800 -3.976 0.405 -1.832 0.496 -2.126 0.606
V10   5.550 28 189   0.000 34  77  -5.550 43 308   5.550 330 36  -15  72 82 -125
PDE  2002/08/08 11:42:05.1  30.92   99.93  33.0 5.4 4.7 SICHUAN PROVINCE, CHINA 
B080802C         B: 44   77  45 S:  0    0   0 M:  0    0   0 CMT: 1 BOXHD:  1.0
CENTROID:      5.5 0.2  30.69 0.03   99.95 0.04  55.1  2.1 FREE O-00000000000000
24 -0.889 0.031  1.012 0.044 -0.123 0.055  0.129 0.051  0.034 0.046  0.011 0.034
V10   1.020  4 359  -0.120  2 269  -0.900 85 147   0.960  92 41  -86 267 49  -93
PDE  2002/08/08 13:39:58.3   4.98  -77.82  43.3 5.4 5.0 NEAR WEST COAST OF COLOM
B080802D         B: 55  114  45 S:  0    0   0 M:  0    0   0 CMT: 1 BOXHD:  1.9
CENTROID:      0.6 0.1   5.17 0.02  -77.62 0.02  22.3  1.1 FREE O-00000000000000
24 -2.908 0.062  1.181 0.065  1.726 0.092  2.221 0.166 -0.261 0.137  3.123 0.061
V10   4.830 10 315  -0.490 33  52  -4.340 55 210   4.580  12 45 -140 251 63  -52
PDE  2002/08/08 21:17:11.7  13.65   40.00  10.0 4.9 0.0 ETHIOPIA                
B080802E         B: 19   30  45 S:  0    0   0 M:  0    0   0 CMT: 1 BOXHD:  1.0
CENTROID:      5.9 1.2  13.74 0.11   39.90 0.08  15.0  0.0 FIX  O-00000000000000
23 -2.995 0.211  0.315 0.280  2.680 0.298  0.000 0.000  0.000 0.000 -0.377 0.251
V10   2.740  0 261   0.260  0 171  -3.000 90 180   2.870 351 45  -90 171 45  -90
PDE  2002/08/09 11:44:14.6 -61.45  154.95  10.0 4.9 0.0 BALLENY ISLANDS REGION  
B080902A         B: 52   80  45 S:  0    0   0 M:  0    0   0 CMT: 1 BOXHD:  1.3
CENTROID:      6.1 0.3 -61.63 0.03  154.49 0.07  15.0  0.0 FIX  O-00000000000000
24 -0.310 0.043  1.718 0.059 -1.409 0.048 -0.083 0.163 -0.209 0.141 -1.214 0.046
V10   2.130  0 199  -0.280 82 107  -1.860  8 289   2.000 334 84   -6  64 84 -174
PDE  2002/08/09 13:31:05.3 -16.31 -176.17 364.1 5.5 0.0 FIJI ISLANDS REGION     
C080902B         B: 70  171  45 S:  0    0   0 M: 58   88 135 CMT: 1 BOXHD:  2.7
CENTROID:      5.6 0.1 -16.25 0.01 -175.85 0.01 381.3  0.5 FREE O-00000000000000
25 -0.604 0.009  0.630 0.014 -0.027 0.015  0.320 0.010 -0.675 0.010  1.263 0.013
V10   1.620  5 141  -0.060 52  45  -1.560 37 235   1.590 271 61  -25  14 68 -148
PDE  2002/08/09 22:08:43.0  11.82   43.65  10.0 5.0 4.7 ETHIOPIA                
B080902C         B: 31   53  45 S:  0    0   0 M:  0    0   0 CMT: 1 BOXHD:  1.0
CENTROID:      6.1 0.5  12.08 0.05   43.85 0.06  15.0  0.0 FIX  O-00000000000000
23 -4.227 0.305  6.102 0.311 -1.876 0.466 -1.962 1.652 -2.316 0.978 -3.405 0.343
V10   7.460  5 199  -0.830 39 104  -6.630 50 295   7.040 323 52  -37  78 62 -136
PDE  2002/08/10 09:03:17.8  24.17  121.67  33.0 4.9 0.0 TAIWAN                  
B081002A         B: 13   15  45 S:  0    0   0 M:  0    0   0 CMT: 1 BOXHD:  1.0
CENTROID:     -3.8 1.1  23.60 0.13  122.01 0.23  45.9 11.7 FREE O-00000000000000
23  1.869 0.489 -1.041 0.376 -0.827 0.730 -2.045 0.726  5.549 1.380 -1.056 0.569
V10   6.880 50 245  -1.640  8 345  -5.240 39  81   6.060 221 10  147 344 85   82
PDE  2002/08/10 09:45:41.9  12.13   43.88  10.0 5.0 0.0 WESTERN ARABIAN PENINSUL
B081002B         B: 12   17  45 S:  0    0   0 M:  0    0   0 CMT: 1 BOXHD:  1.0
CENTROID:      5.0 0.7  12.13 0.00   43.88 0.00  15.0  0.0 FIX  O-00000000000000
23 -3.132 0.453  1.421 0.399  1.710 0.762  0.000 0.000  0.000 0.000 -0.492 0.369
V10   2.080  0 233   1.050  0 143  -3.130 90 180   2.610 323 45  -90 143 45  -90
PDE  2002/08/10 15:56:02.0  13.65   39.81  10.0 5.2 5.2 ETHIOPIA                
B081002C         B: 62  127  45 S:  0    0   0 M:  0    0   0 CMT: 1 BOXHD:  1.8
CENTROID:      6.5 0.2  13.79 0.02   39.90 0.02  15.0  0.0 BDY  O-00000000000000
24 -3.130 0.050  0.750 0.063  2.380 0.065  2.193 0.204 -2.063 0.205 -1.089 0.055
V10   4.080 22  57   0.370  9 324  -4.450 66 213   4.260 164 24  -68 320 68 -100
PDE  2002/08/10 19:43:02.9  -7.25  156.08  41.8 4.9 4.3 SOLOMON ISLANDS         
B081002D         B: 17   19  45 S:  0    0   0 M:  0    0   0 CMT: 1 BOXHD:  1.0
CENTROID:      2.2 1.0  -7.54 0.09  156.18 0.10  69.7  9.3 FREE O-00000000000000
23  2.752 0.315 -2.121 0.604 -0.632 0.784  0.806 0.487 -1.914 0.451  0.260 0.416
V10   3.680 65  75  -1.180 18 301  -2.500 17 205   3.090 270 33   55 130 64  110
PDE  2002/08/11 00:59:13.0  13.19  145.46  64.6 4.9 0.0 MARIANA ISLANDS         
B081102A         B:  7   12  45 S:  0    0   0 M:  0    0   0 CMT: 1 BOXHD:  1.0
CENTROID:      2.9 1.9  13.19 0.00  145.46 0.00  45.7 17.4 FREE O-00000000000000
23  0.292 0.943  1.946 0.379 -2.238 1.038 -1.072 1.254 -0.202 0.712  2.096 1.019
V10   3.210 20 157  -0.080 70 326  -3.120  4  66   3.160 200 73  168 293 79   17
PDE  2002/08/11 05:06:32.3  -5.58  -71.88 567.7 4.8 0.0 WESTERN BRAZIL          
B081102C         B: 40   60  45 S:  0    0   0 M:  0    0   0 CMT: 1 BOXHD:  1.3
CENTROID:      3.0 0.4  -5.67 0.04  -71.94 0.04 564.5  2.5 FREE O-00000000000000
24 -1.098 0.050  0.147 0.076  0.952 0.092 -0.235 0.084  1.282 0.077 -0.184 0.079
V10   1.620 26 259   0.110  1 349  -1.720 64  81   1.670 347 19  -92 169 71  -89
PDE  2002/08/11 12:09:13.9 -10.77  -74.68  33.0 5.0 4.3 PERU                    
B081102D         B: 22   29  45 S:  0    0   0 M:  0    0   0 CMT: 1 BOXHD:  1.0
CENTROID:      1.8 0.5 -10.85 0.06  -74.56 0.09  32.3  5.5 FREE O-00000000000000
23  4.432 0.537 -3.547 0.457 -0.885 0.907 -0.683 0.921 -0.162 1.024  2.300 0.391
V10   4.520 83 145   0.380  7 300  -4.900  3  30   4.710 127 42  100 294 49   81
PDE  2002/08/11 21:55:30.4  41.11  142.59  54.0 5.2 0.0 HOKKAIDO, JAPAN  REGION 
B081102F         B: 22   32  45 S:  0    0   0 M:  0    0   0 CMT: 1 BOXHD:  1.0
CENTROID:      2.0 1.1  41.02 0.09  142.82 0.11  39.0  0.0 BDY  O-00000000000000
23  3.011 0.310  0.403 0.491 -3.414 0.387  3.553 0.736  2.567 0.829 -1.216 0.383
V10   5.730 57 342  -0.310 20 219  -5.420 25 119   5.570 172 26   40  45 73  111
PDE  2002/08/12 02:59:24.0 -19.51  169.04 112.2 5.6 0.0 VANUATU ISLANDS         
B081202A         B: 65  148  45 S:  0    0   0 M:  0    0   0 CMT: 1 BOXHD:  2.1
CENTROID:      4.8 0.1 -19.52 0.01  168.67 0.01 117.0  0.9 FREE O-00000000000000
24  2.425 0.078  0.919 0.149 -3.344 0.142  1.714 0.076 -6.802 0.090  2.333 0.118
V10   6.930 57  87   1.780  8 345  -8.720 32 250   7.820 314 15   58 167 78   98
PDE  2002/08/13 06:05:37.7  -7.00  104.02  33.0 5.4 5.9 SUNDA STRAIT            
B081302A         B: 44   79  45 S:  0    0   0 M:  0    0   0 CMT: 1 BOXHD:  2.1
CENTROID:      1.5 0.2  -7.37 0.02  104.06 0.03  37.9  2.6 FREE O-00000000000000
24  0.268 0.098 -5.237 0.099  4.969 0.151  0.285 0.254  0.147 0.190  0.418 0.134
V10   4.990  2 272   0.280 87  36  -5.270  3 182   5.130 317 87 -179 227 89   -3
PDE  2002/08/13 07:47:42.6  14.76   55.82  10.0 5.3 0.0 ARABIAN SEA             
B081302B         B: 31   49  45 S:  0    0   0 M:  0    0   0 CMT: 1 BOXHD:  1.0
CENTROID:     -0.2 0.8  14.81 0.08   55.48 0.06  15.0  0.0 FIX  O-00000000000000
23 -6.511 0.323  6.364 0.475  0.148 0.597 -0.504 2.608  0.525 1.517 -1.166 0.326
V10   6.600  3 190  -0.040  4 280  -6.570 85  66   6.580 276 43  -96 104 48  -85
PDE  2002/08/13 08:37:22.8  14.75   55.85  10.0 5.8 5.5 ARABIAN SEA             
B081302D         B: 58  121  45 S:  0    0   0 M:  0    0   0 CMT: 1 BOXHD:  1.9
CENTROID:      1.4 0.2  14.81 0.02   55.57 0.02  15.0  0.0 FIX  O-00000000000000
24 -4.296 0.053  4.965 0.073 -0.669 0.081 -1.437 0.277  0.890 0.189 -0.202 0.056
V10   5.200  9 183  -0.510 11 275  -4.690 76  56   4.950 260 37 -109 103 55  -76
PDE  2002/08/13 14:13:55.0 -30.77 -177.37  33.0 5.4 5.5 KERMADEC ISLANDS        
B081302G         B: 54  119  45 S:  0    0   0 M:  0    0   0 CMT: 1 BOXHD:  1.6
CENTROID:      2.6 0.2 -30.66 0.02 -176.94 0.02  15.0  0.0 FIX  O-00000000000000
24  2.276 0.042  0.097 0.055 -2.373 0.052  0.571 0.120  1.807 0.156 -0.488 0.046
V10   2.950 70 294   0.180  4 193  -3.120 19 102   3.040 186 26   82  15 64   94
PDE  2002/08/14 13:12:39.9   7.83  136.88  10.0 6.1 6.0 WEST CAROLINE ISLANDS   
C081402D         B: 63  151  45 S:  0    0   0 M: 58  108 135 CMT: 1 BOXHD:  3.1
CENTROID:      5.6 0.1   7.74 0.01  136.92 0.01  15.0  0.0 BDY  O-00000000000000
25  2.384 0.020 -1.941 0.021 -0.443 0.023  0.518 0.082  0.349 0.069 -1.131 0.019
V10   2.460 83 319   0.160  2  61  -2.630  7 152   2.540 243 38   92  60 52   88
PDE  2002/08/14 13:57:52.1  14.10  146.20  30.0 6.1 6.4 MARIANA ISLANDS         
C081402E         B: 58  148  45 S:  0    0   0 M: 57  119 135 CMT: 1 BOXHD:  4.1
CENTROID:      6.1 0.1  13.98 0.01  146.43 0.01  38.0  0.0 BDY  O-00000000000000
25  1.436 0.031 -3.143 0.029  1.707 0.031  5.329 0.066  3.322 0.064  2.067 0.028
V10   7.560 44 309  -0.910 27  69  -6.650 34 179   7.110 325 28  168  66 84   63
PDE  2002/08/15 05:30:26.2  -1.20  121.33  10.0 5.7 5.8 SULAWESI                
C081502A         B: 59  133  45 S:  0    0   0 M: 53  105 135 CMT: 1 BOXHD:  3.4
CENTROID:     10.6 0.1  -1.26 0.01  121.30 0.01  15.0  0.0 BDY  O-00000000000000
25  1.968 0.014  0.007 0.013 -1.974 0.016 -0.687 0.057 -0.135 0.065 -0.497 0.012
V10   2.180 72 181  -0.070 17  16  -2.110  4 285   2.150 357 43   65 210 52  112
PDE  2002/08/17 08:21:30.0 -37.97  176.68 170.7 5.0 0.0 NORTH ISLAND, NEW ZEALAN
B081702A         B: 19   23  45 S:  0    0   0 M:  0    0   0 CMT: 1 BOXHD:  1.0
CENTROID:      3.2 0.6 -37.56 0.09  176.69 0.12 164.9  2.9 FREE O-00000000000000
23  4.885 0.619 -0.119 0.845 -4.766 0.948  5.282 0.571  3.166 0.643 -4.901 1.038
V10   8.230 58   0   1.760 23 227  -9.980 21 127   9.110 182 32   41  56 70  115
PDE  2002/08/17 15:11:03.0  -9.55  155.98  33.0 5.0 0.0 DENTRECASTEAUX ISLANDS R
B081702B         B: 54  102  45 S:  0    0   0 M:  0    0   0 CMT: 1 BOXHD:  1.3
CENTROID:      1.9 0.3  -9.52 0.03  156.09 0.03  20.3  3.0 FREE O-00000000000000
24 -0.091 0.034 -0.317 0.044  0.408 0.051 -0.071 0.087 -0.109 0.105  1.627 0.037
V10   1.720  4 129  -0.100 86 316  -1.620  0 219   1.670 264 87    3 174 87  177
PDE  2002/08/18 02:41:48.7  -5.52  149.70 149.0 5.2 0.0 NEW BRITAIN REGION      
B081802A         B: 45   71  45 S:  0    0   0 M:  0    0   0 CMT: 1 BOXHD:  1.1
CENTROID:      2.2 0.3  -5.93 0.04  149.80 0.04 136.3  2.2 FREE O-00000000000000
23 -6.225 0.322  5.850 0.473  0.376 0.490 -6.926 0.349 -1.985 0.358  0.036 0.496
V10   9.090 25 174   0.610  7  81  -9.700 64 336   9.390 278 21  -71  78 70  -97
PDE  2002/08/18 16:49:00.8 -31.28 -178.33  53.4 5.2 0.0 KERMADEC ISLANDS REGION 
B081802D         B: 35   59  45 S:  0    0   0 M:  0    0   0 CMT: 1 BOXHD:  1.0
CENTROID:      2.9 0.5 -31.19 0.05 -177.98 0.05  38.7  3.7 FREE O-00000000000000
23  5.539 0.268  1.802 0.394 -7.342 0.327  0.635 0.496  4.559 0.631 -1.827 0.339
V10   6.990 72 270   2.140  3  10  -9.130 17 101   8.060 195 28   97   8 62   87
PDE  2002/08/19 11:01:01.2 -21.70 -179.51 580.0 6.7 0.0 FIJI ISLANDS REGION     
C081902A         B: 65  165  45 S:  0    0   0 M: 63  170 135 CMT: 1 BOXHD: 16.5
CENTROID:     13.4 0.1 -21.74 0.01 -179.08 0.01 630.9  1.0 FREE O-00000000000000
27 -1.695 0.020 -0.154 0.023  1.849 0.024 -1.477 0.019 -2.569 0.019 -0.386 0.022
V10   3.240 29  97   0.440 17 197  -3.670 55 314   3.460 149 22 -141  22 76  -72
PDE  2002/08/19 11:08:24.3 -23.88  178.49 675.4 7.0 0.0 SOUTH OF FIJI ISLANDS   
C081902C         B: 64  146  45 S:  0    0   0 M: 66  142 135 CMT: 1 BOXHD: 17.9
CENTROID:     10.7 0.2 -24.16 0.02  178.49 0.02 699.3  1.7 FREE O-00000000000000
27  0.579 0.039 -0.247 0.036 -0.332 0.040 -3.547 0.034 -2.315 0.040  0.035 0.037
V10   4.430 48 147  -0.340  0  57  -4.090 42 326   4.260  50  3   83 237 87   90
PDE  2002/08/20 10:59:32.0  30.99  141.97   9.0 5.4 6.2 SOUTH OF HONSHU, JAPAN  
B082002C         B: 47  113  45 S:  0    0   0 M:  0    0   0 CMT: 1 BOXHD:  2.7
CENTROID:      7.3 0.1  31.07 0.02  141.95 0.02  15.0  0.0 BDY  O-00000000000000
25  1.154 0.014  0.103 0.018 -1.257 0.020  0.009 0.043  0.865 0.057  0.090 0.015
V10   1.430 72 275   0.110  2 178  -1.540 18  87   1.490 173 27   85 359 63   93
PDE  2002/08/21 12:09:14.0 -20.98  168.73  33.0 5.2 4.8 LOYALTY ISLANDS         
B082102B         B: 35   61  45 S:  0    0   0 M:  0    0   0 CMT: 1 BOXHD:  1.0
CENTROID:      4.8 0.4 -21.19 0.05  168.34 0.04  15.0  0.0 FIX  O-00000000000000
23 -7.973 0.323 -1.217 0.537  9.190 0.413  0.843 1.219 -3.586 1.422 -2.398 0.318
V10  10.450 11  78  -1.740  0 348  -8.710 79 255   9.580 168 34  -89 347 56  -91
PDE  2002/08/21 17:11:14.4  51.48 -178.35  33.0 5.1 0.0 ANDREANOF ISLANDS, ALEUT
B082102C         B: 31   47  45 S:  0    0   0 M:  0    0   0 CMT: 1 BOXHD:  1.0
CENTROID:      4.2 0.6  51.50 0.06 -178.10 0.10  39.9  5.0 FREE O-00000000000000
23  3.575 0.207 -3.255 0.287 -0.320 0.257  1.143 0.460  2.504 0.573 -0.462 0.292
V10   4.880 64 284  -1.160 21  65  -3.720 15 161   4.300 277 35  128  54 63   67
PDE  2002/08/21 23:15:00.6  47.04  152.93  64.8 5.2 0.0 KURIL ISLANDS           
B082102D         B: 16   24  45 S:  0    0   0 M:  0    0   0 CMT: 1 BOXHD:  1.0
CENTROID:      3.3 1.1  46.93 0.15  153.14 0.11  48.9 14.2 FREE O-00000000000000
23  0.214 0.424  2.656 0.694 -2.870 0.495 -4.453 1.121 -1.770 0.745 -0.129 0.457
V10   6.160 38 172  -1.600 28  57  -4.560 39 301   5.360 326 28   -1  57 89 -118
PDE  2002/08/22 09:38:59.4  54.94  164.39  33.0 5.3 0.0 KOMANDORSKY ISLANDS REGI
B082202A         B: 23   36  45 S:  0    0   0 M:  0    0   0 CMT: 1 BOXHD:  1.0
CENTROID:      0.4 0.4  54.78 0.10  164.64 0.11  31.2  5.7 FREE O-00000000000000
23 -2.956 0.625 -1.220 1.004  4.176 0.452 -0.755 0.671  4.206 1.390 -0.165 0.361
V10   6.150 25 266  -1.150  7 173  -5.000 64  69   5.580  11 21  -70 170 71  -97
PDE  2002/08/22 15:43:35.7  -6.07  130.61 125.7 5.4 0.0 BANDA SEA               
B082202B         B: 51   95  45 S:  0    0   0 M:  0    0   0 CMT: 1 BOXHD:  1.5
CENTROID:      3.7 0.3  -6.04 0.03  130.77 0.03 143.0  1.1 FREE O-00000000000000
24 -0.083 0.051 -0.824 0.063  0.906 0.069  0.717 0.048  2.098 0.053  0.640 0.068
V10   2.810 37 288  -1.030  1  19  -1.780 53 111   2.300  11  8  -99 199 82  -89
PDE  2002/08/22 19:24:12.7  43.92 -128.37  10.0 4.9 4.6 OFF COAST OF OREGON     
B082202C         B: 29   40  45 S:  0    0   0 M:  0    0   0 CMT: 1 BOXHD:  1.0
CENTROID:      3.8 0.6  43.83 0.09 -128.84 0.08  15.0  0.0 FIX  O-00000000000000
23 -4.095 0.310 -0.971 0.511  5.065 0.381  0.181 1.049 -2.206 1.335 -0.292 0.301
V10   5.590 13  87  -0.980  1 357  -4.600 77 262   5.090 179 32  -88 356 58  -91
PDE  2002/08/22 23:58:09.5 -21.10 -179.10 618.6 5.2 0.0 FIJI ISLANDS REGION     
B082202E         B: 39   65  45 S:  0    0   0 M:  0    0   0 CMT: 1 BOXHD:  1.2
CENTROID:      4.5 0.5 -20.98 0.04 -179.02 0.05 635.1  3.4 FREE O-00000000000000
24 -0.718 0.040  0.308 0.063  0.410 0.062 -1.010 0.051 -0.301 0.051  0.242 0.065
V10   1.120 29 149   0.230 10 244  -1.350 59 352   1.230 212 18 -124  67 75  -79
PDE  2002/08/23 01:53:05.5  -1.83  133.33  33.0 5.3 4.7 WEST IRIAN REGION       
B082302A         B: 24   35  45 S:  0    0   0 M:  0    0   0 CMT: 1 BOXHD:  1.3
CENTROID:      2.0 0.8  -1.94 0.09  133.16 0.07  15.0  0.0 BDY  O-00000000000000
23  6.271 0.490 -4.159 0.467 -2.112 0.668  2.031 2.413  3.662 1.857  5.433 0.551
V10   8.910 58 306  -0.200 32 133  -8.710  3  41   8.810 102 50   46 338 56  130
PDE  2002/08/23 17:52:41.5 -30.54 -177.78  33.0 5.2 0.0 KERMADEC ISLANDS        
B082302B         B: 11   17  45 S:  0    0   0 M:  0    0   0 CMT: 1 BOXHD:  1.0
CENTROID:     -0.9 2.1 -30.60 0.15 -177.01 0.19  45.5 13.1 FREE O-00000000000000
23  2.094 0.401 -0.784 0.776 -1.309 0.465  0.042 0.461  2.091 0.670 -0.427 0.386
V10   3.090 64 265  -0.690  8  12  -2.400 25 105   2.750 212 22  112   9 70   82
PDE  2002/08/23 18:16:01.3 -55.51  -26.18  33.0 5.1 0.0 SOUTH SANDWICH ISLANDS R
B082302C         B: 11   13  45 S:  0    0   0 M:  0    0   0 CMT: 1 BOXHD:  1.0
CENTROID:      0.0 1.8 -55.97 0.11  -25.74 0.30  52.7 13.9 FREE O-00000000000000
23 -1.629 0.508  3.627 0.725 -1.999 0.745 -1.788 0.701 -2.720 1.077 -5.202 0.708
V10   6.730  1 210   0.320 59 119  -7.050 31 301   6.890 341 68  -22  80 69 -156
PDE  2002/08/24 18:40:53.4  43.11  146.12  42.6 5.9 5.8 KURIL ISLANDS           
C082402B         B: 51  134  45 S:  0    0   0 M: 42   76 135 CMT: 1 BOXHD:  2.8
CENTROID:      5.3 0.1  42.99 0.01  146.13 0.01  33.0  0.0 BDY  O-00000000000000
25  1.255 0.013 -0.490 0.016 -0.765 0.014  0.538 0.031  0.957 0.032 -0.772 0.011
V10   1.660 69 289   0.140  6  36  -1.800 20 128   1.730 228 26  104  33 65   83
PDE  2002/08/24 20:21:29.7  -3.28  135.79  33.0 5.5 5.5 WEST IRIAN REGION       
B082402C         B: 53  100  45 S:  0    0   0 M:  0    0   0 CMT: 1 BOXHD:  1.9
CENTROID:      4.0 0.3  -3.38 0.04  135.77 0.03  16.0  0.0 BDY  O-00000000000000
24 -1.672 0.103 -0.700 0.137  2.372 0.127 -5.900 0.252 -0.994 0.321 -2.407 0.108
V10   5.230 34 210   2.430 26 100  -7.670 45 341   6.450 356 27  -13  97 84 -117
PDE  2002/08/25 03:52:32.3 -26.43 -176.37  33.0 5.2 5.0 SOUTH OF FIJI ISLANDS   
B082502A         B: 44   79  45 S:  0    0   0 M:  0    0   0 CMT: 1 BOXHD:  1.2
CENTROID:      2.7 0.3 -26.51 0.04 -175.85 0.04  15.0  0.0 FIX  O-00000000000000
24  0.991 0.030  0.071 0.043 -1.062 0.039  0.393 0.079  0.790 0.094 -0.243 0.034
V10   1.330 68 310   0.090  8 198  -1.420 20 105   1.370 180 26   71  22 65   99
PDE  2002/08/25 04:42:11.6 -20.54 -178.41 554.2 5.4 0.0 FIJI ISLANDS REGION     
B082502B         B: 51   83  45 S:  0    0   0 M:  0    0   0 CMT: 1 BOXHD:  1.3
CENTROID:      4.8 0.3 -20.36 0.03 -178.23 0.03 565.7  1.6 FREE O-00000000000000
24 -1.721 0.043  1.266 0.071  0.454 0.073 -0.628 0.076  0.199 0.077  0.547 0.069
V10   1.610  8 156   0.280 12 248  -1.890 75  32   1.750 232 38 -110  76 55  -75
PDE  2002/08/25 05:57:34.0 -21.04  168.60  35.0 5.3 4.7 LOYALTY ISLANDS         
B082502D         B: 34   49  45 S:  0    0   0 M:  0    0   0 CMT: 1 BOXHD:  1.0
CENTROID:      3.9 0.5 -21.12 0.07  168.32 0.05  26.2  3.8 FREE O-00000000000000
23 -6.430 0.293 -0.194 0.438  6.624 0.429  2.555 1.109  1.902 1.167 -0.813 0.334
V10   6.930  7 266   0.720 20 359  -7.640 69 157   7.280 335 41 -121 193 55  -66
PDE  2002/08/26 13:57:51.7 -55.23 -128.64  10.0 4.7 4.8 SOUTH PACIFIC CORDILLERA
B082602C         B: 28   48  45 S:  0    0   0 M:  0    0   0 CMT: 1 BOXHD:  1.0
CENTROID:      7.2 0.4 -55.09 0.05 -128.98 0.08  15.0  0.0 FIX  O-00000000000000
23 -0.694 0.298  5.246 0.443 -4.553 0.300 -1.608 1.125 -0.127 1.033  6.532 0.320
V10   8.750  9 153  -0.880 80 305  -7.870  5  63   8.310 198 80  177 288 87   10
PDE  2002/08/26 14:55:13.9  -6.75  105.71  62.9 5.6 0.0 SUNDA STRAIT            
B082602D         B: 46   97  45 S:  0    0   0 M:  0    0   0 CMT: 1 BOXHD:  1.9
CENTROID:      4.6 0.3  -7.19 0.02  105.60 0.03  56.3  1.6 FREE O-00000000000000
24  3.622 0.132 -5.705 0.140  2.083 0.237  1.628 0.170 -0.208 0.143  1.275 0.143
V10   3.900 80   0   2.280  1  99  -6.180 10 189   5.040 281 36   93  98 55   88
PDE  2002/08/26 17:36:44.7  -6.40  113.41  33.0 5.4 5.2 JAVA                    
B082602E         B: 30   54  45 S:  0    0   0 M:  0    0   0 CMT: 1 BOXHD:  1.7
CENTROID:      3.6 0.5  -6.43 0.04  112.59 0.05  15.1  3.2 FREE O-00000000000000
24  1.001 0.143 -2.684 0.086  1.683 0.176 -0.841 0.484  1.435 0.441  0.664 0.124
V10   2.820 38 270   0.260 47 120  -3.070 16  13   2.950  59 51   19 317 76  140
PDE  2002/08/26 19:14:24.2 -21.90 -179.51 600.0 4.9 0.0 FIJI ISLANDS REGION     
B082602F         B: 26   31  45 S:  0    0   0 M:  0    0   0 CMT: 1 BOXHD:  1.1
CENTROID:      6.3 1.1 -22.20 0.08 -179.34 0.07 611.6  6.9 FREE O-00000000000000
23  0.667 1.055 -1.740 1.302  1.072 1.304 -7.454 1.147 -8.241 0.757 -8.479 1.219
V10   9.330 34  74   6.840 38 196 -16.170 33 317  12.750 105 39  179 196 90   51
PDE  2002/08/26 23:03:01.9 -17.80  -71.35  33.0 4.9 4.4 NEAR COAST OF PERU      
B082602G         B:  9   10  45 S:  0    0   0 M:  0    0   0 CMT: 1 BOXHD:  1.0
CENTROID:      1.6 1.1 -17.80 0.00  -71.35 0.00  15.0  0.0 FIX  O-00000000000000
24 -0.008 0.077 -0.216 0.044  0.224 0.114  0.600 0.103 -1.296 0.313  0.064 0.051
V10   1.490 43  73  -0.090  8 335  -1.400 45 236   1.440 238  8   -7 335 89  -98
PDE  2002/08/27 06:48:13.8 -55.70  -25.93  33.0 4.9 0.0 SOUTH SANDWICH ISLANDS R
B082702B         B: 10   12  45 S:  0    0   0 M:  0    0   0 CMT: 1 BOXHD:  1.0
CENTROID:      3.0 0.8 -55.89 0.13  -25.82 0.17  44.9 10.6 FREE O-00000000000000
23  0.906 0.653  5.033 1.040 -5.939 0.575 -0.158 0.617  1.453 1.347  0.836 0.612
V10   5.100  1 176   1.200 78 270  -6.300 11  86   5.700 221 81 -172 130 83   -9
PDE  2002/08/27 17:08:50.4  16.31  -97.32  46.9 5.0 0.0 OAXACA, MEXICO          
B082702D         B: 16   20  45 S:  0    0   0 M:  0    0   0 CMT: 1 BOXHD:  1.0
CENTROID:      2.6 1.5  16.38 0.12  -96.89 0.14  46.9  0.0 FIX  O-00000000000000
23  0.689 0.343 -3.348 0.373  2.659 0.600  1.731 0.430 -1.090 0.447  0.970 0.335
V10   3.150 23  93   1.080 58 320  -4.230 21 192   3.690 233 58    1 142 89  148
PDE  2002/08/28 17:05:33.8  22.11  121.58  33.0 5.7 5.1 TAIWAN REGION           
B082802B         B: 46   85  45 S:  0    0   0 M:  0    0   0 CMT: 1 BOXHD:  1.5
CENTROID:     -0.6 0.2  21.95 0.02  121.36 0.03  32.0  1.7 FREE O-00000000000000
24  1.852 0.049 -0.094 0.064 -1.758 0.073 -1.242 0.135  0.474 0.125 -1.237 0.052
V10   2.680 58 205  -0.260 32  31  -2.420  2 299   2.550   0 51   47 236 55  130
PDE  2002/08/29 02:28:17.5 -21.24  -68.37 116.4 5.2 0.0 CHILE-BOLIVIA BORDER REG
B082902A         B: 32   48  45 S:  0    0   0 M:  0    0   0 CMT: 1 BOXHD:  1.0
CENTROID:      6.0 0.5 -21.09 0.05  -68.65 0.06 120.9  2.8 FREE O-00000000000000
23 -4.230 0.369 -2.663 0.554  6.893 0.661  2.842 0.349 -7.023 0.415  1.284 0.555
V10  10.290 26  90  -1.160 23 348  -9.130 54 222   9.710 221 28  -34 341 75 -114
PDE  2002/08/29 05:36:54.0  -3.36  145.77  33.0 5.2 5.7 NEAR N COAST OF PAPUA NE
B082902B         B: 63  142  45 S:  0    0   0 M:  0    0   0 CMT: 1 BOXHD:  2.0
CENTROID:      2.2 0.1  -3.53 0.02  146.03 0.01  21.0  0.0 BDY  O-00000000000000
24  0.167 0.064  1.097 0.084 -1.264 0.089  1.097 0.173 -0.070 0.168  5.815 0.071
V10   5.960  8 321   0.140 79 100  -6.110  7 230   6.040   6 79  179  96 89   11
PDE  2002/08/29 20:40:26.8  53.54 -163.68  35.6 4.9 0.0 UNIMAK ISLAND REGION    
B082902C         B: 24   37  45 S:  0    0   0 M:  0    0   0 CMT: 1 BOXHD:  1.0
CENTROID:      3.4 1.0  53.50 0.08 -163.63 0.18  15.0  0.0 FIX  O-00000000000000
23  3.401 0.275 -3.076 0.269 -0.324 0.244  2.978 1.123  1.563 1.000 -0.706 0.412
V10   4.850 66 324  -0.250  7  70  -4.600 22 163   4.720 266 23  108  67 68   83
PDE  2002/08/30 05:58:21.0  44.48  149.08  31.3 5.7 0.0 KURIL ISLANDS           
B083002B         B: 37   65  45 S:  0    0   0 M:  0    0   0 CMT: 1 BOXHD:  1.0
CENTROID:      5.5 0.3  44.57 0.06  148.92 0.04  66.5  4.1 FREE O-00000000000000
23  5.917 0.309  1.311 0.549 -7.228 0.449  5.405 0.471 -0.044 0.589  1.592 0.438
V10   9.530 56 355  -1.920 33 163  -7.610  6 257   8.570  18 49  137 139 59   50
PDE  2002/08/30 21:11:43.6  16.69 -100.94  16.1 4.8 4.8 NEAR COAST OF GUERRERO, 
B083002E         B: 38   64  45 S:  0    0   0 M:  0    0   0 CMT: 1 BOXHD:  1.1
CENTROID:      3.6 0.4  16.83 0.05 -100.53 0.05  24.2  3.3 FREE O-00000000000000
23  5.596 0.270 -6.359 0.337  0.763 0.419  4.221 0.896 -4.799 0.870  0.759 0.292
V10   9.240 59  66  -0.940 21 295  -8.300 21 197   8.770 254 30   44 124 69  113
PDE  2002/08/31 05:27:18.2   2.71  -84.38  23.3 5.7 5.1 OFF COAST OF CENTRAL AME
B083102A         B: 48   99  45 S:  0    0   0 M:  0    0   0 CMT: 1 BOXHD:  1.3
CENTROID:      2.2 0.2   2.76 0.02  -84.39 0.02  15.0  0.0 FIX  O-00000000000000
24 -1.931 0.040  2.117 0.041 -0.186 0.057 -0.410 0.196 -0.473 0.116  0.194 0.038
V10   2.180  6 174  -0.100 13  83  -2.080 76 290   2.130 278 40  -70  73 53 -106
PDE  2002/08/31 22:52:33.2  -9.74   34.31  10.0 4.9 0.0 TANZANIA                
B083102E         B: 23   31  45 S:  0    0   0 M:  0    0   0 CMT: 1 BOXHD:  1.0
CENTROID:      5.4 1.0 -10.22 0.11   34.28 0.09  15.0  0.0 FIX  O-00000000000000
23 -4.484 0.293  0.902 0.332  3.582 0.481  1.560 1.107 -4.100 1.505 -2.952 0.320
V10   7.090 21  60  -0.870  8 153  -6.220 68 263   6.650 136 25 -109 336 66  -81
PDE  2002/09/01 05:56:24.3  24.06  122.27  39.5 5.5 5.7 TAIWAN REGION           
B090102A         B: 45   84  45 S:  0    0   0 M:  0    0   0 CMT: 1 BOXHD:  1.4
CENTROID:      0.0 0.2  23.67 0.03  122.09 0.04  32.0  0.0 BDY  O-00000000000000
24  1.068 0.043 -1.327 0.054  0.259 0.070  0.813 0.113  0.996 0.085 -0.467 0.044
V10   1.800 58 286   0.060 23  58  -1.860 21 157   1.830 282 31  138  49 70   66
PDE  2002/09/01 07:07:36.4  24.08  122.32  33.0 5.3 5.4 TAIWAN REGION           
B090102B         B: 28   48  45 S:  0    0   0 M:  0    0   0 CMT: 1 BOXHD:  1.1
CENTROID:      1.1 0.4  23.83 0.05  122.45 0.07  19.0  0.0 BDY  O-00000000000000
23  5.238 0.388 -5.402 0.416  0.163 0.568  5.863 1.310  7.592 0.750 -2.334 0.458
V10  11.460 56 293  -0.520 15  47 -10.950 29 146  11.210 273 21  138  43 76   74
PDE  2002/09/01 17:14:59.9  14.28   51.94  10.0 5.2 5.8 EASTERN GULF OF ADEN    
C090102C         B: 59  137  45 S:  0    0   0 M: 54  101 135 CMT: 1 BOXHD:  2.4
CENTROID:      2.9 0.1  14.45 0.01   51.83 0.01  15.0  0.0 FIX  O-00000000000000
24 -1.136 0.070  8.604 0.074 -7.468 0.081  0.223 0.292 -1.958 0.307  7.060 0.069
V10  11.280  2 159  -0.770 78  58 -10.520 12 250  10.900 294 80   -7  25 84 -170
PDE  2002/09/01 21:28:04.5  -3.15  143.10  33.0 5.4 5.1 NEAR N COAST OF PAPUA NE
B090102D         B: 48   84  45 S:  0    0   0 M:  0    0   0 CMT: 1 BOXHD:  1.3
CENTROID:      2.9 0.3  -3.06 0.03  143.29 0.03  16.9  3.3 FREE O-00000000000000
24  0.239 0.037 -1.552 0.039  1.313 0.048 -0.378 0.138  0.400 0.134  0.730 0.042
V10   1.560 13 282   0.270 71 147  -1.830 13  15   1.700  58 71    1 328 89  161
PDE  2002/09/02 00:21:36.6  14.13   51.94  10.0 5.0 0.0 EASTERN GULF OF ADEN    
B090202A         B: 12   19  45 S:  0    0   0 M:  0    0   0 CMT: 1 BOXHD:  1.0
CENTROID:      2.4 2.9  14.58 0.30   51.84 0.10  15.0  0.0 FIX  O-00000000000000
23 -0.658 0.229  2.760 0.515 -2.102 0.447  0.000 0.000  0.000 0.000  1.999 0.282
V10   3.480  0 160  -0.660 90 180  -2.820  0  70   3.150 205 90 -180 295 90    0
PDE  2002/09/02 01:00:03.3  35.70   48.84  10.0 5.1 0.0 WESTERN IRAN            
B090202B         B: 26   50  45 S:  0    0   0 M:  0    0   0 CMT: 1 BOXHD:  1.0
CENTROID:      5.5 0.5  35.65 0.05   48.95 0.06  15.0  0.0 BDY  O-00000000000000
23  7.197 0.344 -5.622 0.407 -1.575 0.371 -1.918 1.096  2.892 1.248  2.444 0.391
V10   8.160 74 252  -0.770 11 121  -7.390 12  29   7.780 105 34   71 308 58  103
PDE  2002/09/02 13:39:18.2  43.92 -128.24  19.1 5.5 4.9 OFF COAST OF OREGON     
B090202E         B: 41   85  45 S:  0    0   0 M:  0    0   0 CMT: 1 BOXHD:  1.3
CENTROID:     -0.2 0.2  44.01 0.04 -128.94 0.05  15.0  0.0 FIX  O-00000000000000
24 -1.440 0.048 -0.009 0.064  1.450 0.052 -0.834 0.149 -0.780 0.228  0.528 0.052
V10   1.930 17 113  -0.030 15 207  -1.900 67 336   1.920 180 31 -121  35 64  -73
PDE  2002/09/03 14:23:45.3  13.54  120.75  10.0 5.5 5.4 MINDORO, PHILIPPINE ISLA
B090302A         B: 49   99  45 S:  0    0   0 M:  0    0   0 CMT: 1 BOXHD:  2.0
CENTROID:      4.6 0.2  13.64 0.02  120.74 0.03  30.2  2.3 FREE O-00000000000000
24 -1.246 0.078  1.535 0.100 -0.290 0.107  1.391 0.238 -0.763 0.194  3.970 0.092
V10   4.760  6 323  -0.570 62  64  -4.190 27 229   4.470   9 67 -165 273 76  -24
PDE  2002/09/03 17:26:55.8  36.42   70.72 232.8 4.8 0.0 HINDU KUSH REGION       
B090302B         B: 13   16  45 S:  0    0   0 M:  0    0   0 CMT: 1 BOXHD:  1.0
CENTROID:      1.9 1.2  35.78 0.19   70.56 0.09 224.4  6.5 FREE O-00000000000000
23  3.007 0.573 -0.643 0.997 -2.363 0.744  4.791 0.561  2.079 0.793  2.712 0.665
V10   7.400 50 330  -2.670 35 116  -4.730 18 218   6.070 348 41  150 102 71   53
PDE  2002/09/04 03:45:15.6 -53.75 -134.68  10.0 5.0 0.0 SOUTH PACIFIC CORDILLERA
B090402A         B:  9   12  45 S:  0    0   0 M:  0    0   0 CMT: 1 BOXHD:  1.0
CENTROID:     -0.4 1.0 -54.25 0.15 -134.46 0.29  15.0  0.0 FIX  O-00000000000000
23  1.507 0.935  4.698 0.770 -6.205 0.952  3.509 2.617 -0.889 3.013  4.824 1.068
V10   7.950 26 343   0.540 61 133  -8.490 12 247   8.220  22 63  170 117 81   28
PDE  2002/09/04 06:55:17.0  -4.91  153.85  96.1 4.9 0.0 NEW IRELAND REGION      
B090402B         B: 37   53  45 S:  0    0   0 M:  0    0   0 CMT: 1 BOXHD:  1.0
CENTROID:      2.9 0.4  -5.06 0.04  153.83 0.04  88.5  3.5 FREE O-00000000000000
23  6.194 0.304 -1.565 0.634 -4.629 0.637 -3.388 0.343  4.723 0.373  2.122 0.414
V10   8.590 68 229  -0.540  4 329  -8.050 22  60   8.320 158 23  100 327 67   86
PDE  2002/09/04 08:06:32.2 -23.86 -179.86 522.6 5.1 0.0 SOUTH OF FIJI ISLANDS   
B090402C         B: 27   38  45 S:  0    0   0 M:  0    0   0 CMT: 1 BOXHD:  1.2
CENTROID:      4.1 0.8 -23.78 0.08 -179.65 0.07 509.5  3.8 FREE O-00000000000000
24 -0.161 0.070 -0.227 0.105  0.388 0.098  0.043 0.103 -1.392 0.071  0.178 0.091
V10   1.540 39  95  -0.210  8 358  -1.330 50 258   1.430 234 10  -33 357 85  -98
PDE  2002/09/04 14:34:15.5  -0.82  147.77  10.0 5.8 5.1 ADMIRALTY ISLANDS REGION
B090402D         B: 42   83  45 S:  0    0   0 M:  0    0   0 CMT: 1 BOXHD:  1.3
CENTROID:      3.9 0.3  -1.31 0.03  147.72 0.04  15.0  0.0 FIX  O-00000000000000
24 -0.260 0.051  0.046 0.051  0.215 0.062 -0.643 0.125  2.068 0.137  1.231 0.052
V10   2.200 35 289   0.530 30 175  -2.720 40  56   2.460  79 30   -5 173 87 -120
PDE  2002/09/05 00:14:42.1  -6.20  104.88  43.7 5.3 4.5 SUNDA STRAIT            
B090502A         B: 27   41  45 S:  0    0   0 M:  0    0   0 CMT: 1 BOXHD:  1.0
CENTROID:      6.1 0.6  -6.67 0.06  104.66 0.08  15.0  0.0 FIX  O-00000000000000
23  4.623 0.549 -4.071 0.437 -0.553 0.884  5.778 0.846 -2.404 0.622  1.463 0.514
V10   7.790 63  24  -0.030  2 291  -7.760 27 200   7.770 286 18   85 112 72   92
PDE  2002/09/05 03:38:39.1  58.17 -151.45  47.2 5.0 4.6 KODIAK ISLAND REGION    
B090502B         B: 33   55  45 S:  0    0   0 M:  0    0   0 CMT: 1 BOXHD:  1.0
CENTROID:      1.6 0.4  58.50 0.12 -151.26 0.14  18.6  4.5 FREE O-00000000000000
23 -3.322 0.339 -2.236 0.406  5.559 0.364  2.908 0.962 -4.584 1.899  0.648 0.473
V10   7.530 24  86  -0.480 27 343  -7.050 53 211   7.290 218 32  -31 335 74 -118
PDE  2002/09/05 11:03:05.8  39.77   72.01  31.6 5.3 5.2 KIRGHIZ SSR             
B090502C         B: 38   72  45 S:  0    0   0 M:  0    0   0 CMT: 1 BOXHD:  1.3
CENTROID:      1.4 0.3  39.68 0.04   71.96 0.04  31.6  0.0 FIX  O-00000000000000
24 -0.311 0.044 -0.288 0.074  0.599 0.055  0.183 0.121 -0.848 0.110 -1.409 0.048
V10   1.920 20  56  -0.460 61 186  -1.450 21 318   1.690  97 61 -179   7 90  -29
PDE  2002/09/05 11:29:05.0  54.08 -133.78  20.0 4.9 4.6 QUEEN CHARLOTTE ISLANDS 
B090502D         B: 26   36  45 S:  0    0   0 M:  0    0   0 CMT: 1 BOXHD:  1.0
CENTROID:      5.9 0.7  54.26 0.08 -134.16 0.10  15.0  0.0 FIX  O-00000000000000
23  0.074 0.385 -4.002 0.572  3.929 0.503  0.000 0.000  0.000 0.000  3.786 0.453
V10   5.450  0 112   0.070 90 180  -5.520  0  22   5.480 157 90 -180 247 90    0
PDE  2002/09/06 01:21:28.6  38.38   13.70   5.0 5.8 5.5 SICILY                  
B090602A         B: 27   49  45 S:  0    0   0 M:  0    0   0 CMT: 1 BOXHD:  2.3
CENTROID:      4.4 0.2  38.42 0.03   13.57 0.04  15.0  0.0 BDY  O-00000000000000
24  6.149 0.312 -5.727 0.278 -0.422 0.256 -3.624 1.081  2.760 0.778 -6.157 0.340
V10   9.440 53 231   0.490 36  63  -9.930  6 329   9.690  26 50   40 267 60  133
PDE  2002/09/06 21:25:11.1 -16.36 -173.36  33.0 4.9 0.0 TONGA ISLANDS           
B090602B         B: 23   32  45 S:  0    0   0 M:  0    0   0 CMT: 1 BOXHD:  1.0
CENTROID:      4.1 0.7 -16.79 0.09 -172.69 0.06  15.0  0.0 FIX  O-00000000000000
23  3.000 0.272  2.126 0.463 -5.126 0.317 -1.804 0.706  2.993 0.736  0.929 0.291
V10   4.800 57 203   1.560 25 340  -6.360 19  80   5.580 204 34  140 330 69   63
PDE  2002/09/07 00:05:23.3  -1.74  134.18  33.0 5.2 4.7 WEST IRIAN REGION       
B090702A         B: 26   42  45 S:  0    0   0 M:  0    0   0 CMT: 1 BOXHD:  1.0
CENTROID:      3.5 0.9  -1.64 0.10  134.18 0.08  17.1  4.1 FREE O-00000000000000
23 -5.320 0.529  0.209 0.390  5.110 0.589  1.180 1.163  1.431 1.231  2.413 0.458
V10   6.370  9 292  -0.720  6  23  -5.650 79 149   6.010  15 37 -101 208 54  -82
PDE  2002/09/07 02:30:51.7  -6.14  146.22 118.6 5.3 0.0 EAST PAPUA NEW GUINEA RE
B090702B         B: 30   44  45 S:  0    0   0 M:  0    0   0 CMT: 1 BOXHD:  1.1
CENTROID:      5.5 0.5  -6.03 0.04  146.11 0.05 118.2  2.4 FREE O-00000000000000
23  1.258 0.412  7.332 0.552 -8.590 0.645 -4.234 0.424  0.437 0.386 -6.995 0.562
V10  11.610 22 200  -0.290 68  35 -11.330  5 292  11.470 338 71   12 244 79  161
PDE  2002/09/07 08:14:19.6 -20.27 -176.04 209.9 5.5 0.0 FIJI ISLANDS REGION     
B090702C         B: 55  135  45 S:  0    0   0 M:  0    0   0 CMT: 1 BOXHD:  2.3
CENTROID:      3.5 0.1 -20.29 0.01 -175.61 0.01 208.4  0.5 FREE O-00000000000000
24 -1.276 0.087  2.800 0.142 -1.523 0.139 -3.076 0.088 -8.745 0.088  1.657 0.122
V10   9.140 40 128   1.090 16  24 -10.220 45 276   9.680 284 17   -9  23 87 -106
PDE  2002/09/07 10:40:26.8 -24.85  179.92 503.2 4.9 0.0 SOUTH OF FIJI ISLANDS   
B090702D         B: 29   42  45 S:  0    0   0 M:  0    0   0 CMT: 1 BOXHD:  1.3
CENTROID:      4.7 0.7 -24.80 0.07  179.91 0.07 503.0  3.3 FREE O-00000000000000
24 -0.219 0.083 -0.008 0.117  0.226 0.105  0.106 0.107 -1.947 0.083 -0.172 0.107
V10   1.980 41  82  -0.030  5 176  -1.960 48 272   1.970 123  6 -144 357 87  -85
PDE  2002/09/07 18:08:36.7 -57.92  -24.99  33.0 5.1 4.8 SOUTH SANDWICH ISLANDS R
B090702E         B: 19   28  45 S:  0    0   0 M:  0    0   0 CMT: 1 BOXHD:  1.0
CENTROID:      4.4 0.4 -57.84 0.07  -25.30 0.21  19.9  5.3 FREE O-00000000000000
23 -3.234 0.676  3.376 0.639 -0.142 1.193 -7.454 2.121  8.551 2.569 -1.447 0.469
V10  11.740 37 219   0.330  9 316 -12.060 52  58  11.900 267 12 -140 137 82  -81
PDE  2002/09/08 03:36:41.6 -30.11   60.93  10.0 5.4 5.3 ATLANTIC-INDIAN RISE    
B090802A         B: 57  121  45 S:  0    0   0 M:  0    0   0 CMT: 1 BOXHD:  1.6
CENTROID:      4.9 0.2 -30.09 0.02   60.77 0.03  15.0  0.0 FIX  O-00000000000000
24  0.077 0.049 -0.155 0.065  0.078 0.065  0.042 0.171  1.090 0.176  3.109 0.053
V10   3.290 15 312   0.030 71 175  -3.310 12  46   3.300  89 71    2 359 89  161
PDE  2002/09/08 09:16:40.5  13.03   57.76  10.0 4.9 0.0 ARABIAN SEA             
B090802C         B: 15   17  45 S:  0    0   0 M:  0    0   0 CMT: 1 BOXHD:  1.0
CENTROID:     -0.4 1.7  13.27 0.23   57.76 0.19  15.0  0.0 FIX  O-00000000000000
23 -2.285 0.322  1.589 0.384  0.696 0.602 -1.320 2.231  1.321 1.781 -0.112 0.327
V10   2.200 22 204   0.890 10 298  -3.100 66  50   2.650 276 25 -114 122 68  -79
PDE  2002/09/08 13:15:55.7 -22.84  178.93 618.8 5.2 0.0 SOUTH OF FIJI ISLANDS   
B090802E         B: 64  137  45 S:  0    0   0 M:  0    0   0 CMT: 1 BOXHD:  2.2
CENTROID:      5.5 0.1 -22.82 0.01  179.16 0.01 630.1  1.0 FREE O-00000000000000
24  1.501 0.076  2.071 0.104 -3.572 0.108 -5.905 0.094 -3.892 0.102 -3.134 0.103
V10   7.720 45 176   1.120 28  55  -8.840 33 305   8.280 341 29   14 239 83  118
PDE  2002/09/08 15:38:52.5 -15.31  173.10  33.0 4.9 4.6 FIJI ISLANDS REGION     
B090802G         B: 15   19  45 S:  0    0   0 M:  0    0   0 CMT: 1 BOXHD:  1.0
CENTROID:      3.4 1.0 -15.32 0.12  172.89 0.12  19.2  9.4 FREE O-00000000000000
23 -1.654 0.598  5.542 0.528 -3.889 0.799  3.713 2.552  1.293 1.415 -4.871 0.693
V10   8.490 17  20  -1.170 57 262  -7.320 27 119   7.900 157 58   -8 251 83 -148
PDE  2002/09/08 18:44:23.7  -3.30  142.95  13.0 6.5 7.8 NEAR N COAST OF PAPUA NE
C090802H         B: 62  158  45 S:  0    0   0 M: 52  116 135 CMT: 1 BOXHD: 18.4
CENTROID:     14.6 0.1  -3.27 0.01  143.38 0.01  19.5  0.3 FREE O-00000000000000
27  1.823 0.010 -1.014 0.008 -0.809 0.008 -0.266 0.029  1.895 0.044  1.575 0.007
V10   2.890 59 286   0.110 24 148  -2.990 19  49   2.940 106 34   43 339 68  116
PDE  2002/09/09 04:03:28.2  -2.94  143.02  10.0 5.2 5.1 PAPUA NEW GUINEA REGION 
B090902D         B: 34   56  45 S:  0    0   0 M:  0    0   0 CMT: 1 BOXHD:  1.5
CENTROID:      5.8 0.5  -2.82 0.08  143.09 0.07  15.0  0.0 FIX  O-00000000000000
24 -0.743 0.159 -1.866 0.129  2.609 0.175 -0.119 0.365  1.303 0.674  0.896 0.198
V10   3.190 18 280  -1.030 64 148  -2.160 18  16   2.670  58 64    0 148 90 -154
PDE  2002/09/09 05:46:10.9  -3.10  143.24  10.0 5.2 4.5 NEAR N COAST OF PAPUA NE
B090902E         B: 15   29  45 S:  0    0   0 M:  0    0   0 CMT: 1 BOXHD:  1.1
CENTROID:     -1.7 3.9  -3.76 0.25  143.60 0.19  15.0  0.0 FIX  O-00000000000000
23 -6.120 2.096  4.910 0.960  1.210 1.831  0.209 4.761  4.533 3.640  3.700 2.077
V10   7.730 12 323   0.710 25 227  -8.440 62  76   8.090  81 40  -48 212 61 -119
PDE  2002/09/10 02:33:12.4 -21.45  168.67  33.0 5.0 0.0 LOYALTY ISLANDS         
B091002A         B: 22   25  45 S:  0    0   0 M:  0    0   0 CMT: 1 BOXHD:  1.0
CENTROID:     -1.5 0.7 -21.45 0.00  168.67 0.00  45.7  6.9 FREE O-00000000000000
23 -4.587 0.376  2.555 0.664  2.031 0.496  0.433 0.920 -0.300 0.706 -0.605 0.453
V10   2.990  4  33   1.630  0 123  -4.620 86 213   3.810 123 41  -90 303 49  -90
PDE  2002/09/10 09:42:03.8  60.00 -152.88 117.2 4.6 0.0 SOUTHERN ALASKA         
B091002D         B: 28   39  45 S:  0    0   0 M:  0    0   0 CMT: 1 BOXHD:  1.0
CENTROID:     -1.4 0.6  59.92 0.05 -152.87 0.12 137.6  2.6 FREE O-00000000000000
23  3.152 0.343 -7.876 0.571  4.724 0.543 -0.298 0.451  3.785 0.431  1.521 0.666
V10   7.870 38 275   0.240 51 103  -8.110  4   8   7.990  59 61   26 315 67  148
PDE  2002/09/10 12:25:08.7   1.78  126.49  33.0 5.2 4.4 MOLUCCA PASSAGE         
B091002E         B: 45   72  45 S:  0    0   0 M:  0    0   0 CMT: 1 BOXHD:  1.1
CENTROID:      6.6 0.4   2.10 0.04  126.50 0.04  37.5  2.8 FREE O-00000000000000
23  9.932 0.372 -3.933 0.401 -5.999 0.534  1.567 1.221  2.145 0.955 -5.287 0.453
V10  10.280 83 303   0.420  1  39 -10.690  7 129  10.480 221 38   91  39 52   89
PDE  2002/09/10 20:54:39.7  -3.63  144.06  10.0 5.2 4.6 NEAR N COAST OF PAPUA NE
B091002F         B: 24   34  45 S:  0    0   0 M:  0    0   0 CMT: 1 BOXHD:  1.0
CENTROID:      6.0 0.9  -3.15 0.10  143.89 0.10  15.0  0.0 FIX  O-00000000000000
23  3.632 0.378 -1.677 0.327 -1.955 0.499  4.885 1.254  2.280 0.785  0.913 0.293
V10   7.180 56 333  -2.530  7  74  -4.650 33 168   5.920 285 14  122  72 78   83
PDE  2002/09/11 04:50:32.9  83.14   -6.08  10.0 5.2 5.2 NORTH OF SVALBARD       
B091102B         B: 45   83  45 S:  0    0   0 M:  0    0   0 CMT: 1 BOXHD:  1.5
CENTROID:      4.3 0.2  82.97 0.03   -6.11 0.23  15.0  0.0 FIX  O-00000000000000
24 -1.838 0.045  0.608 0.072  1.231 0.048  0.700 0.218  0.182 0.213  1.251 0.046
V10   2.290  8 309  -0.260 14  41  -2.030 73 191   2.160  23 39 -113 232 55  -72
PDE  2002/09/11 14:08:46.3 -12.65  166.40  33.0 5.2 4.8 SANTA CRUZ ISLANDS      
B091102C         B: 45   78  45 S:  0    0   0 M:  0    0   0 CMT: 1 BOXHD:  1.1
CENTROID:      4.1 0.4 -12.71 0.04  166.12 0.03  29.7  2.7 FREE O-00000000000000
23  6.576 0.277  2.062 0.486 -8.638 0.377 -1.906 0.688  3.960 0.952 -1.565 0.300
V10   8.340 66 216   1.370 20   1  -9.710 13  95   9.020 210 37  125 349 61   67
PDE  2002/09/11 19:48:01.8  -3.63  144.02  10.0 5.2 4.9 NEAR N COAST OF PAPUA NE
B091102E         B: 45   68  45 S:  0    0   0 M:  0    0   0 CMT: 1 BOXHD:  1.0
CENTROID:      7.7 0.5  -3.38 0.06  144.00 0.05  15.0  0.0 FIX  O-00000000000000
23  6.591 0.303 -5.167 0.325 -1.424 0.466  0.256 1.442  3.881 0.973  3.682 0.308
V10   8.370 65 288  -0.690 24 129  -7.680  8  35   8.030 100 42   53 325 57  118
PDE  2002/09/11 20:57:19.0 -11.57  166.23  33.0 4.9 0.0 SANTA CRUZ ISLANDS      
B091102F         B: 52   97  45 S:  0    0   0 M:  0    0   0 CMT: 1 BOXHD:  1.2
CENTROID:      6.2 0.2 -11.69 0.02  166.02 0.02  48.9  1.7 FREE O-00000000000000
24  1.610 0.030 -0.161 0.053 -1.449 0.051  0.218 0.055  0.568 0.065  0.237 0.038
V10   1.750 77 306  -0.170  9 173  -1.580  9  82   1.660 161 36   75   0 55  101
PDE  2002/09/12 09:18:04.0  21.97  144.00 108.9 4.9 0.0 MARIANA ISLANDS REGION  
B091202B         B: 16   21  45 S:  0    0   0 M:  0    0   0 CMT: 1 BOXHD:  1.0
CENTROID:     -0.2 0.7  21.88 0.07  144.53 0.10  97.1  8.1 FREE O-00000000000000
23 -1.192 0.268  2.528 0.440 -1.336 0.576 -3.046 0.373  1.826 0.376  0.084 0.388
V10   4.360 31 190  -0.410 23 295  -3.950 50  55   4.160 232 25 -155 119 80  -67
PDE  2002/09/13 22:28:29.5  13.04   93.07  21.0 6.2 6.7 ANDAMAN ISLANDS REGION  
C091302C         B: 59  155  45 S:  0    0   0 M: 54  125 135 CMT: 1 BOXHD:  4.5
CENTROID:      6.5 0.1  13.33 0.01   93.17 0.01  22.0  0.0 BDY  O-00000000000000
25  4.418 0.034  1.151 0.033 -5.569 0.035 -3.099 0.084  2.163 0.094 -0.626 0.029
V10   6.680 58 199  -0.660 29 353  -6.020 12  90   6.350 212 42  137 337 63   57
PDE  2002/09/14 19:58:37.0  13.06   93.16  33.0 5.7 5.6 ANDAMAN ISLANDS REGION  
B091402B         B: 52  119  45 S:  0    0   0 M:  0    0   0 CMT: 1 BOXHD:  1.8
CENTROID:      3.8 0.2  13.33 0.02   93.15 0.02  19.0  0.0 BDY  O-00000000000000
24  3.695 0.065  0.850 0.084 -4.546 0.087 -2.139 0.154  0.306 0.208 -0.094 0.069
V10   4.850 62 184  -0.300 28 359  -4.560  2  90   4.700 206 50  128 336 53   54
PDE  2002/09/15 01:06:55.8  24.10  122.46  36.0 5.0 4.7 TAIWAN REGION           
B091502A         B: 22   36  45 S:  0    0   0 M:  0    0   0 CMT: 1 BOXHD:  1.0
CENTROID:     -0.8 0.5  23.69 0.06  122.58 0.11  31.1  4.3 FREE O-00000000000000
23  2.351 0.345 -3.804 0.286  1.453 0.468  2.888 0.791  3.662 0.619 -0.989 0.378
V10   5.850 51 286  -0.080 26  52  -5.770 27 157   5.810 292 30  153  46 77   63
PDE  2002/09/15 08:39:32.7  44.83  129.92 586.3 5.8 0.0 NORTHEASTERN CHINA      
C091502B         B: 47  115  45 S:  0    0   0 M: 39   74 135 CMT: 1 BOXHD:  3.7
CENTROID:      3.6 0.1  44.77 0.01  130.04 0.01 589.4  0.8 FREE O-00000000000000
25  0.769 0.025 -1.126 0.032  0.357 0.034 -1.458 0.031 -3.682 0.031 -1.131 0.033
V10   4.270 47  95  -0.060 18 206  -4.210 37 310   4.240  98 19  163 204 85   72
PDE  2002/09/16 00:03:29.9  25.15  122.27 182.6 5.3 0.0 TAIWAN REGION           
B091602A         B: 40   70  45 S:  0    0   0 M:  0    0   0 CMT: 1 BOXHD:  1.4
CENTROID:      0.5 0.3  25.07 0.03  122.31 0.04 179.0  1.1 FREE O-00000000000000
24 -1.808 0.055  0.624 0.082  1.184 0.089 -0.291 0.068 -0.546 0.061 -0.757 0.060
V10   1.730  5  57   0.240 15 148  -1.980 74 309   1.860 131 42 -112 340 52  -71
PDE  2002/09/16 00:51:22.0  12.60  125.50  33.0 5.0 0.0 SAMAR, PHILIPPINE ISLAND
B091602B         B: 10   13  45 S:  0    0   0 M:  0    0   0 CMT: 1 BOXHD:  1.3
CENTROID:      3.6 0.9  12.90 0.13  125.75 0.10  24.8  7.3 FREE O-00000000000000
23  5.121 0.545  1.170 0.556 -6.291 0.851  4.243 2.320  3.630 2.112  2.168 0.531
V10   8.990 54 333  -1.530 32 181  -7.460 14  83   8.230 137 42   37  18 66  126
PDE  2002/09/16 01:10:49.5  35.26  133.65  10.0 4.8 4.9 SOUTHERN HONSHU, JAPAN  
B091602C         B: 11   15  45 S:  0    0   0 M:  0    0   0 CMT: 1 BOXHD:  1.0
CENTROID:      1.6 0.7  35.27 0.14  133.27 0.11  15.0  0.0 FIX  O-00000000000000
23 -1.563 0.504  3.070 0.519 -1.508 0.641  6.521 2.628  3.054 2.641 -6.775 0.668
V10   9.390 23  26   1.520 46 270 -10.910 36 133  10.150 165 47  -11 262 82 -136
PDE  2002/09/16 07:49:02.3 -55.13 -129.44  10.0 4.7 4.9 SOUTH PACIFIC CORDILLERA
B091602D         B: 40   67  45 S:  0    0   0 M:  0    0   0 CMT: 1 BOXHD:  1.1
CENTROID:      8.4 0.3 -54.99 0.04 -129.57 0.07  15.0  0.0 FIX  O-00000000000000
23 -1.535 0.343  8.109 0.457 -6.574 0.314  0.820 1.145  0.682 1.208  9.664 0.378
V10  12.980  4 334  -1.600 86 173 -11.380  1  64  12.180 109 86    2  19 88  176
PDE  2002/09/16 13:23:01.0  -3.31  142.68  10.0 5.9 5.9 NEAR N COAST OF PAPUA NE
C091602E         B: 51  126  45 S:  0    0   0 M: 47   87 135 CMT: 1 BOXHD:  2.4
CENTROID:      5.0 0.1  -3.47 0.01  142.68 0.01  15.0  0.0 BDY  O-00000000000000
25 -0.550 0.011 -0.260 0.009  0.810 0.012 -1.042 0.031 -0.468 0.038  0.644 0.010
V10   1.530 25 125  -0.070 31 231  -1.460 48   3   1.490 169 34 -156  59 77  -58
PDE  2002/09/16 18:48:26.7  66.94  -18.46  10.0 5.5 5.7 ICELAND REGION          
B091602G         B: 48   95  45 S:  0    0   0 M:  0    0   0 CMT: 1 BOXHD:  2.0
CENTROID:      5.9 0.2  66.90 0.03  -18.67 0.05  15.0  0.0 BDY  O-00000000000000
24 -0.398 0.074 -4.053 0.095  4.451 0.088  2.933 0.210 -0.243 0.294 -2.423 0.080
V10   5.290 11  72   0.780 61 321  -6.070 26 168   5.680 207 63  -11 302 80 -153
PDE  2002/09/16 22:35:06.7 -16.48  -72.45  74.4 5.1 0.0 NEAR COAST OF PERU      
B091602I         B: 37   56  45 S:  0    0   0 M:  0    0   0 CMT: 1 BOXHD:  1.1
CENTROID:      7.3 0.4 -16.28 0.04  -72.55 0.06  87.6  4.0 FREE O-00000000000000
23 -6.501 0.548  0.951 0.727  5.550 1.068  9.940 0.354 -0.750 0.447 -3.315 0.593
V10  10.070 26  40   3.410 22 298 -13.480 55 173  11.770 170 27  -35 292 75 -113
PDE  2002/09/17 03:58:13.8  31.00  141.77  33.0 5.3 5.4 SOUTH OF HONSHU, JAPAN  
B091702A         B: 42   92  45 S:  0    0   0 M:  0    0   0 CMT: 1 BOXHD:  1.5
CENTROID:      3.4 0.2  31.12 0.03  141.93 0.03  15.0  0.0 BDY  O-00000000000000
24  2.004 0.046  0.221 0.058 -2.225 0.067 -0.175 0.153  1.642 0.180  0.164 0.049
V10   2.570 71 262   0.230  1 355  -2.800 19  86   2.690 178 26   93 355 64   89
PDE  2002/09/17 05:31:40.0  -3.29  142.74  10.0 5.1 4.6 NEAR N COAST OF PAPUA NE
B091702B         B: 23   37  45 S:  0    0   0 M:  0    0   0 CMT: 1 BOXHD:  1.0
CENTROID:      8.1 1.0  -3.36 0.16  143.04 0.11  15.0  0.0 FIX  O-00000000000000
23 -4.752 0.413  1.308 0.482  3.444 0.569  0.130 1.969  3.625 1.715  2.088 0.446
V10   5.730 18 296   0.450 13 201  -6.180 68  77   5.950  45 30  -63 195 64 -105
PDE  2002/09/17 11:20:23.4  -3.28  142.77  10.0 5.7 5.9 NEAR N COAST OF PAPUA NE
C091702D         B: 52  123  45 S:  0    0   0 M: 43   81 135 CMT: 1 BOXHD:  2.3
CENTROID:      5.2 0.1  -3.32 0.02  142.74 0.01  15.0  0.0 BDY  O-00000000000000
24 -3.064 0.100 -5.959 0.099  9.023 0.116 -8.740 0.297 -2.406 0.366  5.893 0.094
V10  13.020 21 117   0.760 45 229 -13.780 37  10  13.400 160 47 -166  60 80  -44
PDE  2002/09/18 12:01:36.3  13.11   93.17  33.0 5.4 5.1 ANDAMAN ISLANDS REGION  
B091802E         B: 43   70  45 S:  0    0   0 M:  0    0   0 CMT: 1 BOXHD:  1.2
CENTROID:      3.0 0.3  13.42 0.04   93.12 0.03  37.9  3.3 FREE O-00000000000000
24  0.875 0.034  0.193 0.050 -1.069 0.050 -0.773 0.087 -0.181 0.094  0.177 0.039
V10   1.400 56 170  -0.310 33 356  -1.100  3 264   1.250 324 51   45 202 56  131
PDE  2002/09/18 19:06:56.6 -22.47  172.89  10.0 5.6 5.3 LOYALTY ISLANDS REGION  
B091802F         B: 49  102  45 S:  0    0   0 M:  0    0   0 CMT: 1 BOXHD:  1.7
CENTROID:      7.4 0.2 -22.30 0.02  172.75 0.02  15.0  0.0 FIX  O-00000000000000
24 -2.969 0.053 -0.774 0.078  3.743 0.072 -0.453 0.151 -0.166 0.221 -1.018 0.054
V10   3.960  1  78  -0.880 13 168  -3.080 77 345   3.520 155 46 -108   0 47  -72
PDE  2002/09/19 10:15:03.5 -15.20 -173.35  33.0 4.9 5.1 TONGA ISLANDS           
B091902A         B: 42   75  45 S:  0    0   0 M:  0    0   0 CMT: 1 BOXHD:  1.3
CENTROID:      4.1 0.2 -15.26 0.04 -172.76 0.03  15.0  0.0 BDY  O-00000000000000
24  0.685 0.031  0.536 0.039 -1.221 0.035  0.831 0.075  1.275 0.125  0.400 0.034
V10   1.930 48 326  -0.070 29 197  -1.860 27  90   1.900 134 32   23  24 78  120
PDE  2002/09/19 17:10:33.1  -3.25  101.38  43.9 4.9 0.0 SOUTHERN SUMATRA, INDONE
B091902C         B: 17   26  45 S:  0    0   0 M:  0    0   0 CMT: 1 BOXHD:  1.0
CENTROID:      8.0 1.5  -3.25 0.00  101.38 0.00  15.6  6.8 FREE O-00000000000000
23  3.025 0.590 -1.711 0.284 -1.314 0.713  3.254 1.888 -0.894 1.185  0.750 0.449
V10   4.720 63  10  -0.890  6 113  -3.830 26 206   4.270 311 20  109 111 71   83
PDE  2002/09/20 13:33:41.6  -1.74  134.01  10.0 5.7 5.9 IRIAN JAYA REGION, INDON
C092002A         B: 51  112  45 S:  0    0   0 M: 44   71 135 CMT: 1 BOXHD:  2.5
CENTROID:      9.0 0.1  -1.44 0.02  134.15 0.01  15.0  0.0 FIX  O-00000000000000
24 -4.057 0.134 -5.778 0.127  9.835 0.166 -3.965 0.397 -0.939 0.521  9.343 0.123
V10  14.560  8 116  -3.000 65 223 -11.550 24  23  13.060 162 68 -168  67 79  -23
PDE  2002/09/20 15:43:35.5  -1.68  134.23  10.0 5.9 6.4 IRIAN JAYA REGION, INDON
C092002D         B: 54  122  45 S:  0    0   0 M: 51  120 135 CMT: 1 BOXHD:  3.9
CENTROID:     10.7 0.1  -1.39 0.01  134.22 0.01  15.0  0.0 FIX  O-00000000000000
25 -2.379 0.026 -2.670 0.022  5.049 0.028 -1.587 0.096 -0.877 0.109  2.163 0.022
V10   5.810  9 106  -1.560 51 207  -4.250 37   9   5.030 154 57 -158  52 71  -35
PDE  2002/09/20 21:01:13.4  -1.80  134.19  10.0 5.2 0.0 IRIAN JAYA REGION, INDON
B092002F         B: 35   67  45 S:  0    0   0 M:  0    0   0 CMT: 1 BOXHD:  1.3
CENTROID:      7.8 0.4  -1.66 0.04  134.07 0.05  27.5  4.3 FREE O-00000000000000
24 -0.046 0.062 -1.808 0.056  1.854 0.093  0.002 0.160 -0.078 0.142  0.680 0.065
V10   1.980  2 100  -0.050 88 292  -1.930  0 190   1.950 235 88    1 145 89  178
PDE  2002/09/21 05:03:21.6 -55.58 -124.96  10.0 4.9 5.0 EASTER ISLAND CORDILLERA
B092102B         B: 41   76  45 S:  0    0   0 M:  0    0   0 CMT: 1 BOXHD:  1.2
CENTROID:      5.0 0.2 -55.84 0.03 -124.79 0.06  15.0  0.0 FIX  O-00000000000000
24 -0.050 0.031  0.655 0.039 -0.605 0.031  0.760 0.104  0.225 0.107  1.152 0.037
V10   1.680 24 331  -0.360 63 125  -1.320 10 236   1.500  11 65  170 106 81   25
PDE  2002/09/21 17:20:12.0  -1.87  133.75  10.0 5.2 0.0 WEST IRIAN REGION       
B092102C         B: 16   20  45 S:  0    0   0 M:  0    0   0 CMT: 1 BOXHD:  1.0
CENTROID:      1.6 1.0  -1.87 0.07  134.38 0.13  15.0  0.0 FIX  O-00000000000000
23 -0.457 0.298 -2.989 0.283  3.446 0.410 -3.247 1.000  3.707 0.894  3.705 0.285
V10   6.030 23 284   1.600 47 166  -7.630 34  31   6.830  64 48   -8 160 84 -137
PDE  2002/09/22 00:02:08.2  -1.75  134.13  10.0 5.1 4.4 WEST IRIAN REGION       
B092202A         B: 13   22  45 S:  0    0   0 M:  0    0   0 CMT: 1 BOXHD:  1.0
CENTROID:      5.8 1.3  -1.75 0.00  134.13 0.00  15.0  0.0 FIX  O-00000000000000
23  0.323 0.539  1.490 0.301 -1.813 0.678 -0.364 1.159  1.313 0.897  2.856 0.449
V10   3.180  7 329   0.690 71 216  -3.880 17  61   3.530 104 72   -7 196 83 -162
PDE  2002/09/22 18:38:33.1  -0.33  133.74  10.0 5.0 0.0 WEST IRIAN REGION       
B092202C         B: 31   47  45 S:  0    0   0 M:  0    0   0 CMT: 1 BOXHD:  1.0
CENTROID:      5.5 0.6  -0.27 0.05  133.63 0.05  15.0  0.0 FIX  O-00000000000000
23  1.548 0.292 -5.600 0.260  4.052 0.387  0.737 1.159  3.139 1.126  4.794 0.323
V10   7.680 27 291  -0.080 62 120  -7.610  4  23   7.650  71 68   18 334 74  157
PDE  2002/09/22 22:13:45.2 -22.27  170.43  10.0 5.1 5.2 LOYALTY ISLANDS REGION  
B092202E         B: 52   95  45 S:  0    0   0 M:  0    0   0 CMT: 1 BOXHD:  1.5
CENTROID:      9.9 0.2 -22.35 0.03  170.07 0.02  15.0  0.0 BDY  O-00000000000000
24  1.956 0.037 -1.379 0.044 -0.577 0.050  1.202 0.139 -0.299 0.115  0.964 0.038
V10   2.340 72 359   0.000  9 118  -2.340 15 211   2.340 314 31  108 113 61   80
PDE  2002/09/23 22:07:45.2 -27.20 -176.63  33.0 5.0 5.1 KERMADEC ISLANDS REGION 
B092302B         B: 39   74  45 S:  0    0   0 M:  0    0   0 CMT: 1 BOXHD:  1.3
CENTROID:      3.9 0.2 -27.15 0.03 -176.08 0.03  29.1  2.2 FREE O-00000000000000
24  1.105 0.036  0.287 0.056 -1.392 0.040  0.495 0.078  0.867 0.107 -0.242 0.040
V10   1.510 66 322   0.220 15 196  -1.740 18 101   1.620 169 29   59  23 65  106
PDE  2002/09/24 02:26:29.5 -10.58  161.15  10.0 5.5 5.3 SOLOMON ISLANDS         
B092402A         B: 50   95  45 S:  0    0   0 M:  0    0   0 CMT: 1 BOXHD:  1.6
CENTROID:      6.5 0.2 -10.64 0.03  161.19 0.03  15.0  0.0 FIX  O-00000000000000
24  1.578 0.036 -0.171 0.053 -1.407 0.057  0.606 0.110 -1.973 0.138  0.739 0.037
V10   2.580 64  79   0.150  4 340  -2.730 26 248   2.650 327 20   77 161 71   95
PDE  2002/09/24 03:57:22.3 -31.52  -69.20 119.6 6.2 0.0 SAN JUAN PROVINCE, ARGEN
C092402B         B: 55  128  45 S:  0    0   0 M: 50   95 135 CMT: 1 BOXHD:  3.4
CENTROID:      4.1 0.1 -31.48 0.01  -69.12 0.02 119.9  0.6 FREE O-00000000000000
25 -2.633 0.029  0.568 0.029  2.065 0.030  0.391 0.023  0.463 0.024  1.278 0.021
V10   2.860  6 300  -0.160  2  30  -2.700 83 141   2.780  27 39  -94 212 51  -87
PDE  2002/09/24 04:13:11.6 -10.53  161.20  10.0 5.5 6.2 SOLOMON ISLANDS         
C092402C         B: 27   40  45 S:  0    0   0 M: 22   30 135 CMT: 1 BOXHD:  2.4
CENTROID:      3.2 0.3 -10.83 0.04  161.23 0.03  15.0  0.0 BDY  O-00000000000000
25  0.993 0.029 -0.192 0.034 -0.801 0.033  0.403 0.113 -1.109 0.123  0.403 0.028
V10   1.540 65  74   0.000  3 337  -1.550 25 246   1.550 329 20   81 158 70   93
PDE  2002/09/24 09:00:45.3  49.21  155.36  48.6 5.4 4.5 KURIL ISLANDS           
B092402F         B: 30   42  45 S:  0    0   0 M:  0    0   0 CMT: 1 BOXHD:  1.0
CENTROID:      2.5 0.7  49.23 0.06  156.10 0.08  52.7  5.4 FREE O-00000000000000
23  7.404 0.381 -3.223 0.566 -4.181 0.582  1.762 0.894  0.790 1.049 -3.541 0.616
V10   7.690 81 352  -0.210  6 222  -7.480  7 131   7.590 215 39   81  46 52   97
PDE  2002/09/24 10:57:53.7 -10.67  161.08  10.0 4.6 4.9 SOLOMON ISLANDS         
B092402G         B: 24   34  45 S:  0    0   0 M:  0    0   0 CMT: 1 BOXHD:  1.0
CENTROID:      3.1 0.6 -11.30 0.10  161.46 0.09  15.0  0.0 FIX  O-00000000000000
23  4.649 0.341 -2.427 0.433 -2.221 0.544 -0.301 1.258 -7.725 1.356  2.711 0.345
V10   9.910 55 104  -1.860 18 347  -8.050 29 247   8.980 297 23   38 171 76  108
PDE  2002/09/24 22:54:21.5 -10.56  161.11  10.0 5.7 6.3 SOLOMON ISLANDS         
C092402H         B: 55  111  45 S:  0    0   0 M: 33   52 135 CMT: 1 BOXHD:  3.5
CENTROID:      5.4 0.1 -10.80 0.02  161.23 0.01  16.7  0.9 FREE O-00000000000000
25  1.899 0.025 -0.287 0.029 -1.612 0.032  0.991 0.091 -1.841 0.137  0.875 0.025
V10   2.800 67  60   0.150  1 153  -2.950 23 243   2.870 335 22   93 152 68   89
PDE  2002/09/24 23:01:28.7 -10.65  161.21  19.0 5.7 6.5 SOLOMON ISLANDS         
C092402J         B: 50   88  45 S:  0    0   0 M: 45   84 135 CMT: 1 BOXHD:  3.3
CENTROID:      7.6 0.2 -10.82 0.02  161.25 0.02  30.8  1.0 FREE O-00000000000000
25  2.878 0.053 -0.636 0.039 -2.242 0.043  1.026 0.125 -1.829 0.137  1.525 0.035
V10   3.540 73  63   0.280  1 329  -3.820 17 239   3.680 328 28   88 150 62   91
PDE  2002/09/25 18:14:48.5  16.87 -100.11   5.5 5.2 4.7 NEAR COAST OF GUERRERO, 
B092502A         B: 40   76  45 S:  0    0   0 M:  0    0   0 CMT: 1 BOXHD:  1.1
CENTROID:      2.0 0.4  16.86 0.04  -99.79 0.04  19.0  0.0 BDY  O-00000000000000
23  6.384 0.263 -7.178 0.323  0.794 0.401  7.328 0.825 -4.876 0.629  2.934 0.286
V10  10.790 63  48   1.320 10 298 -12.120 25 203  11.460 271 22   61 121 71  101
PDE  2002/09/25 22:28:11.9  32.00   49.33  10.0 5.5 5.1 WESTERN IRAN            
B092502C         B: 50  111  45 S:  0    0   0 M:  0    0   0 CMT: 1 BOXHD:  1.6
CENTROID:      7.3 0.2  32.04 0.03   49.10 0.03  15.0  0.0 BDY  O-00000000000000
24  3.024 0.064 -1.658 0.083 -1.367 0.068 -0.396 0.237 -0.313 0.246  1.407 0.067
V10   3.100 81 137  -0.180  9 312  -2.930  1  42   3.020 141 45  103 303 46   78
PDE  2002/09/26 12:55:29.8 -19.65  -12.01  10.0 5.3 5.4 SOUTHERN MID-ATLANTIC RI
B092602B         B: 53  119  45 S:  0    0   0 M:  0    0   0 CMT: 1 BOXHD:  1.7
CENTROID:      3.7 0.2 -20.29 0.03  -12.00 0.02  15.0  0.0 FIX  O-00000000000000
24 -3.338 0.057  0.015 0.073  3.323 0.070  1.240 0.205 -1.510 0.258 -0.233 0.066
V10   3.720 13  82   0.290 14 348  -4.000 70 214   3.860 190 34  -64 340 60 -106
PDE  2002/09/27 01:40:51.3  -8.31  122.05  42.1 5.3 0.0 FLORES REGION, INDONESIA
B092702A         B: 24   41  45 S:  0    0   0 M:  0    0   0 CMT: 1 BOXHD:  1.0
CENTROID:      5.6 0.6  -8.31 0.00  122.05 0.00  55.2  5.7 FREE O-00000000000000
23  2.186 0.745 -4.780 0.495  2.594 1.162 -1.784 0.722  0.455 0.578 -3.001 0.702
V10   4.240 29 246   1.890 59  88  -6.130 10 341   5.180  27 62   15 290 77  151
PDE  2002/09/27 06:10:44.9  38.44   13.69   5.0 4.8 0.0 SICILY, ITALY           
B092702B         B: 23   36  45 S:  0    0   0 M:  0    0   0 CMT: 1 BOXHD:  1.1
CENTROID:      6.6 0.4  38.41 0.07   13.66 0.12  15.0  0.0 FIX  O-00000000000000
23  6.097 0.443 -3.572 0.496 -2.525 0.767 -6.008 1.710 -2.582 1.395 -3.716 0.361
V10   9.030 65 170   0.350 10  58  -9.370 22 324   9.200  35 24   65 242 68  101
PDE  2002/09/27 07:04:58.1  17.16 -100.59  36.4 5.2 4.6 GUERRERO, MEXICO        
B092702C         B: 31   46  45 S:  0    0   0 M:  0    0   0 CMT: 1 BOXHD:  1.0
CENTROID:      1.4 0.9  17.44 0.07 -100.10 0.07  36.4  0.0 FIX  O-00000000000000
23  5.187 0.312 -6.015 0.384  0.828 0.547  0.158 1.128 -1.025 0.802  1.412 0.369
V10   5.420 77  94   0.890 13 281  -6.300  2 191   5.860 268 45   72 113 48  107
