 138.609    37.557 2007      7      16    6.8  16.75      10      13
 138.641    37.538 2007      7      16    4.6  13.65      10      16
 138.511    37.402 2007      7      16    4.0  19.59      10      17
 138.445    37.408 2007      7      16    4.4  16.62      10      18
 138.547    37.506 2007      7      16    4.9  18.11      10      18
 138.450    37.445 2007      7      16    3.8   9.54      10      20
 138.568    37.536 2007      7      16    3.9  17.15      10      22
 138.549    37.456 2007      7      16    3.2  22.06      10      23
 138.543    37.492 2007      7      16    3.5  16.43      10      24
 138.523    37.483 2007      7      16    3.7  18.94      10      24
 138.434    37.543 2007      7      16    3.0  22.03      10      25
 138.576    37.471 2007      7      16    2.7  19.80      10      26
 138.439    37.448 2007      7      16    3.8  16.13      10      26
 138.606    37.500 2007      7      16    2.9  22.15      10      27
 138.530    37.422 2007      7      16    3.9  18.91      10      28
 138.583    37.472 2007      7      16    3.0  24.16      10      28
 138.599    37.584 2007      7      16    2.5  22.41      10      29
 138.583    37.473 2007      7      16    2.9  23.57      10      29
 138.519    37.378 2007      7      16    3.6  19.46      10      30
 138.660    37.535 2007      7      16    2.7  28.75      10      30
 138.523    37.422 2007      7      16    2.9  17.86      10      33
 138.558    37.528 2007      7      16    4.3  18.87      10      34
 138.445    37.416 2007      7      16    3.6  11.05      10      36
 138.476    37.479 2007      7      16    3.4  19.29      10      37
 138.756    37.533 2007      7      16    3.1  22.76      10      38
 138.547    37.429 2007      7      16    2.3  25.64      10      39
 138.528    37.416 2007      7      16    2.5  17.66      10      39
 138.486    37.454 2007      7      16    2.8  14.01      10      41
 138.571    37.456 2007      7      16    3.3  18.53      10      43
 138.566    37.440 2007      7      16    3.2  17.99      10      43
 138.484    37.468 2007      7      16    3.4  19.70      10      44
 138.490    37.398 2007      7      16    2.8  15.34      10      45
 138.491    37.404 2007      7      16    2.8  14.16      10      46
 138.586    37.542 2007      7      16    2.6  19.90      10      46
 138.600    37.569 2007      7      16    2.3  21.49      10      48
 138.486    37.474 2007      7      16    2.3  21.28      10      48
 138.562    37.511 2007      7      16    2.3  15.98      10      48
 138.511    37.467 2007      7      16    2.2  22.38      10      49
 138.752    37.487 2007      7      16    2.4  24.24      10      49
 138.452    37.358 2007      7      16    2.6  13.00      10      49
 138.522    37.418 2007      7      16    2.3  21.86      10      50
 138.594    37.498 2007      7      16    2.4  19.33      10      51
 138.541    37.406 2007      7      16    2.3  25.37      10      51
 138.596    37.497 2007      7      16    4.2  16.84      10      52
 138.582    37.525 2007      7      16    3.1  20.58      10      53
 138.737    37.499 2007      7      16    2.7  26.29      10      54
 138.627    37.447 2007      7      16    2.2  22.35      10      55
 138.601    37.495 2007      7      16    2.3  19.81      10      55
 138.513    37.464 2007      7      16    2.1  30.96      10      55
 138.448    37.413 2007      7      16    2.7  16.08      10      56
 138.561    37.520 2007      7      16    2.9  24.05      10      56
 138.948    37.264 2007      7      16    1.7   9.41      10      57
 138.566    37.475 2007      7      16    3.4  19.68      10      57
 138.572    37.445 2007      7      16    3.3  22.01      10      57
 138.549    37.496 2007      7      16    2.8  18.10      10      58
 138.571    37.449 2007      7      16    2.5  24.99      10      59
 138.456    37.487 2007      7      16    2.1  18.97      10      59
 138.566    37.458 2007      7      16    3.7  22.37      11       0
 138.622    37.585 2007      7      16    3.0  19.93      11       1
 138.588    37.542 2007      7      16    2.1  20.38      11       3
 138.552    37.496 2007      7      16    2.4  19.10      11       3
 138.589    37.528 2007      7      16    2.7  16.87      11       4
 138.486    37.498 2007      7      16    3.9  23.10      11       5
 138.468    37.526 2007      7      16    2.3  30.19      11       6
 138.612    37.555 2007      7      16    1.9  13.68      11       8
 138.563    37.484 2007      7      16    2.1  16.55      11       8
 138.499    37.391 2007      7      16    2.5  18.26      11       9
 138.567    37.511 2007      7      16    2.4  15.11      11       9
 138.466    37.458 2007      7      16    2.6  11.96      11      10
 138.608    37.578 2007      7      16    2.8  17.60      11      12
 138.601    37.520 2007      7      16    2.9  17.47      11      12
 138.470    37.452 2007      7      16    3.3  23.92      11      12
 138.513    37.473 2007      7      16    2.4  14.47      11      15
 138.550    37.450 2007      7      16    2.5  17.22      11      15
 138.550    37.504 2007      7      16    2.5  18.27      11      16
 138.533    37.409 2007      7      16    2.6  20.42      11      17
 138.528    37.488 2007      7      16    2.5  19.74      11      18
 138.573    37.502 2007      7      16    3.1  19.51      11      20
 138.579    37.512 2007      7      16    2.6  18.26      11      21
 138.642    37.574 2007      7      16    2.9  16.78      11      21
 138.594    37.512 2007      7      16    2.3  18.86      11      22
 138.536    37.419 2007      7      16    2.7  20.19      11      23
 138.464    37.429 2007      7      16    3.4  18.30      11      24
 138.524    37.414 2007      7      16    2.6  19.50      11      25
 138.591    37.498 2007      7      16    3.3  19.92      11      25
 138.602    37.501 2007      7      16    2.1  22.50      11      27
 138.542    37.496 2007      7      16    2.6  19.82      11      28
 138.556    37.416 2007      7      16    2.7  18.77      11      30
 138.560    37.528 2007      7      16    2.7  19.72      11      32
 138.454    37.440 2007      7      16    2.3  18.41      11      34
 138.574    37.472 2007      7      16    2.3  19.98      11      37
 138.563    37.494 2007      7      16    2.7  21.96      11      37
 138.469    37.469 2007      7      16    2.2  22.30      11      39
 138.564    37.453 2007      7      16    2.3  20.82      11      40
 138.584    37.494 2007      7      16    2.3  21.56      11      43
 138.628    37.381 2007      7      16    2.9  25.68      11      43
 138.582    37.469 2007      7      16    2.4  17.72      11      44
 138.498    37.383 2007      7      16    2.4  20.23      11      46
 138.534    37.416 2007      7      16    3.4  17.71      11      47
 138.509    37.493 2007      7      16    2.2  23.76      11      48
 138.525    37.487 2007      7      16    2.6  18.14      11      49
 138.494    37.369 2007      7      16    2.2  13.96      11      50
 138.578    37.475 2007      7      16    3.5  18.88      11      50
 138.629    37.536 2007      7      16    2.4  15.63      11      52
 138.592    37.495 2007      7      16    3.5  16.08      11      53
 138.571    37.453 2007      7      16    2.0  22.70      11      54
 138.630    37.515 2007      7      16    2.2  16.65      11      55
 138.702    37.562 2007      7      16    3.1  24.11      11      55
 138.588    37.497 2007      7      16    3.5  16.50      11      56
 138.589    37.496 2007      7      16    2.6  19.44      12       1
 138.562    37.537 2007      7      16    2.6  17.11      12       1
 138.625    37.526 2007      7      16    2.2  17.56      12       2
 138.530    37.493 2007      7      16    2.8  21.26      12       4
 138.627    37.515 2007      7      16    2.5  20.19      12       4
 138.544    37.429 2007      7      16    2.3  24.21      12       7
 138.549    37.529 2007      7      16    2.3  21.13      12      10
 138.552    37.508 2007      7      16    3.0  19.14      12      11
 138.530    37.394 2007      7      16    2.1  20.02      12      14
 138.545    37.513 2007      7      16    3.4  20.03      12      20
 138.542    37.452 2007      7      16    2.1  19.82      12      24
 138.596    37.515 2007      7      16    2.2  19.94      12      24
 138.494    37.390 2007      7      16    2.7  17.83      12      25
 138.561    37.419 2007      7      16    2.0  18.50      12      25
 138.624    37.505 2007      7      16    2.0  18.49      12      26
 138.609    37.518 2007      7      16    2.3  20.43      12      26
 138.583    37.468 2007      7      16    2.8  21.77      12      27
 138.563    37.535 2007      7      16    2.9  17.06      12      29
 138.516    37.425 2007      7      16    2.2  17.82      12      31
 138.542    37.549 2007      7      16    2.9  18.44      12      34
 138.643    37.387 2007      7      16    2.0  27.50      12      37
 138.573    37.505 2007      7      16    2.5  17.79      12      37
 138.522    37.489 2007      7      16    2.4  18.66      12      43
 138.541    37.452 2007      7      16    2.3  18.63      12      48
 138.481    37.382 2007      7      16    2.5  16.85      12      48
 138.437    37.412 2007      7      16    2.6  20.53      12      49
 138.531    37.490 2007      7      16    2.9  18.55      12      49
 138.567    37.444 2007      7      16    1.8  20.07      12      54
 138.494    37.383 2007      7      16    2.2  19.23      12      56
 138.461    37.441 2007      7      16    2.5  17.52      12      56
 138.572    37.495 2007      7      16    2.2  20.37      12      57
 138.604    37.507 2007      7      16    2.3  17.75      12      58
 138.581    37.467 2007      7      16    2.6  19.72      12      58
 138.499    37.481 2007      7      16    2.8  20.10      12      59
 138.544    37.517 2007      7      16    2.6  19.30      12      59
 138.541    37.394 2007      7      16    2.1  18.85      13       7
 138.494    37.472 2007      7      16    2.3  21.33      13       8
 138.559    37.503 2007      7      16    2.4  18.37      13       9
 139.350    36.654 2007      7      16    0.9   8.64      13      11
 138.548    37.495 2007      7      16    3.1  17.97      13      16
 138.428    37.404 2007      7      16    3.6  15.71      13      17
 138.562    37.512 2007      7      16    2.5  17.27      13      20
 138.589    37.474 2007      7      16    2.3  18.96      13      24
 139.349    36.651 2007      7      16    0.9   8.58      13      29
 138.491    37.372 2007      7      16    2.1  19.66      13      29
 138.563    37.492 2007      7      16    2.2  17.35      13      31
 138.554    37.436 2007      7      16    2.7  20.09      13      33
 138.493    37.463 2007      7      16    2.3  17.89      13      33
 138.490    37.489 2007      7      16    2.3  20.14      13      37
 138.510    37.409 2007      7      16    2.4  13.64      13      37
 138.720    37.362 2007      7      16    1.7  25.78      13      42
 138.468    37.368 2007      7      16    3.3  17.93      13      44
 138.499    37.481 2007      7      16    2.3  13.41      13      48
 138.569    37.492 2007      7      16    2.2  18.36      13      49
 138.571    37.463 2007      7      16    2.8  20.64      13      53
 138.575    37.480 2007      7      16    2.0  18.98      13      58
 138.527    37.431 2007      7      16    2.6  18.55      13      59
 138.639    37.565 2007      7      16    2.3  21.05      14       1
 140.472    38.065 2007      7      16    1.3   7.34      14       2
 138.570    37.512 2007      7      16    2.4  18.75      14       6
 138.637    37.514 2007      7      16    3.8  21.34      14       7
 138.491    37.491 2007      7      16    2.6  22.84      14       8
 138.515    37.416 2007      7      16    2.3  22.59      14      11
 138.554    37.455 2007      7      16    2.5  22.55      14      13
 138.492    37.426 2007      7      16    2.4  27.00      14      14
 138.549    37.495 2007      7      16    3.2  20.19      14      15
 138.555    37.521 2007      7      16    2.2  24.32      14      17
 139.350    36.652 2007      7      16    1.0   9.18      14      21
 138.637    37.519 2007      7      16    2.4  20.88      14      21
 138.591    37.483 2007      7      16    1.9  22.47      14      22
 138.557    37.454 2007      7      16    2.2  21.60      14      22
 138.562    37.490 2007      7      16    2.1  18.12      14      24
 138.511    37.400 2007      7      16    2.1  18.51      14      25
 138.429    37.408 2007      7      16    3.3  19.52      14      26
 138.481    37.479 2007      7      16    2.8  17.34      14      26
 138.558    37.498 2007      7      16    2.4  18.04      14      28
 138.557    37.495 2007      7      16    1.9  24.18      14      30
 138.609    37.575 2007      7      16    2.4  18.65      14      37
 138.634    37.494 2007      7      16    2.5  22.33      14      43
 138.464    37.426 2007      7      16    2.3  16.73      14      48
 138.584    37.546 2007      7      16    1.8  18.11      14      54
 138.454    37.380 2007      7      16    2.6  14.72      14      54
 138.577    37.443 2007      7      16    2.0  19.37      15       0
 138.567    37.513 2007      7      16    0.9  19.16      15       6
 138.951    37.134 2007      7      16    1.4  12.69      15       6
 138.601    37.471 2007      7      16    2.0  28.03      15       9
 138.556    37.420 2007      7      16    2.2  20.77      15      11
 138.616    37.479 2007      7      16    2.6  26.73      15      11
 138.643    37.494 2007      7      16    2.1  19.43      15      13
 138.466    37.388 2007      7      16    3.0  18.54      15      16
 138.562    37.461 2007      7      16    3.1  18.66      15      26
 139.919    37.134 2007      7      16    0.9   5.98      15      30
 138.553    37.497 2007      7      16    2.7  20.22      15      33
 138.644    37.504 2007      7      16    5.8  22.53      15      37
 138.630    37.480 2007      7      16    3.1  24.75      15      41
 138.640    37.481 2007      7      16    2.9  24.67      15      41
 138.642    37.527 2007      7      16    2.8  20.22      15      42
 138.637    37.523 2007      7      16    2.8  21.02      15      43
 138.458    37.499 2007      7      16    2.5  27.38      15      43
 138.613    37.499 2007      7      16    2.6  16.03      15      45
 138.659    37.522 2007      7      16    2.7  22.39      15      47
 138.629    37.483 2007      7      16    1.8  26.80      15      48
 138.963    37.330 2007      7      16    1.3   2.58      15      50
 138.639    37.509 2007      7      16    2.3  21.56      15      51
 138.596    37.535 2007      7      16    2.4  17.71      15      53
 138.677    37.472 2007      7      16    2.0  22.52      15      57
 138.532    37.429 2007      7      16    2.1  20.10      15      58
 138.644    37.493 2007      7      16    1.8  22.79      15      59
 138.658    37.522 2007      7      16    3.8  21.92      16       0
 138.579    37.433 2007      7      16    2.3  22.41      16       4
 138.659    37.520 2007      7      16    2.8  21.97      16       6
 138.577    37.515 2007      7      16    2.6  18.58      16       7
 138.607    37.477 2007      7      16    2.6  29.87      16       7
 138.623    37.476 2007      7      16    2.6  22.75      16       8
 138.565    37.579 2007      7      16    2.1  17.72      16      10
 138.649    37.518 2007      7      16    2.6  21.38      16      11
 138.596    37.597 2007      7      16    2.9  15.86      16      12
 138.660    37.519 2007      7      16    2.0  22.23      16      14
 138.648    37.504 2007      7      16    2.5  21.68      16      18
 138.589    37.493 2007      7      16    2.5  20.13      16      23
 138.567    37.478 2007      7      16    2.6  17.94      16      26
 138.618    37.450 2007      7      16    2.4  21.33      16      28
 138.567    37.476 2007      7      16    3.1  18.05      16      30
 138.564    37.440 2007      7      16    2.3  18.05      16      31
 138.633    37.441 2007      7      16    1.8  28.38      16      31
 138.657    37.521 2007      7      16    3.5  21.48      16      32
 138.507    37.426 2007      7      16    2.3  16.59      16      32
 138.610    37.501 2007      7      16    2.0  18.52      16      33
 138.619    37.500 2007      7      16    2.6  21.99      16      42
 138.577    37.473 2007      7      16    1.9  17.81      16      46
 138.522    37.435 2007      7      16    2.1  15.51      16      52
 138.568    37.480 2007      7      16    2.2  17.37      16      54
 138.629    37.505 2007      7      16    3.7  21.32      16      54
 138.607    37.511 2007      7      16    2.9  19.37      16      55
 138.544    37.494 2007      7      16    2.5  18.26      16      57
 138.442    37.450 2007      7      16    2.7  16.95      16      57
 138.635    37.521 2007      7      16    2.5  20.53      17      11
 138.629    37.465 2007      7      16    3.6  21.56      17      13
 138.687    37.151 2007      7      16    1.4   5.68      17      15
 138.559    37.532 2007      7      16    2.1  18.35      17      22
 138.603    37.505 2007      7      16    2.8  20.22      17      26
 138.630    37.523 2007      7      16    2.4  20.71      17      32
 138.589    37.610 2007      7      16    1.8  15.20      17      35
 138.449    37.423 2007      7      16    2.7  17.78      17      36
 138.540    37.412 2007      7      16    2.3  18.50      17      39
 138.557    37.415 2007      7      16    4.2  18.85      17      42
 138.574    37.522 2007      7      16    2.6  19.97      17      44
 138.520    37.476 2007      7      16    2.6  17.53      17      48
 138.540    37.494 2007      7      16    2.3  19.58      17      48
 138.627    37.571 2007      7      16    2.9  17.58      17      54
 138.523    37.410 2007      7      16    2.2  19.38      17      54
 138.534    37.393 2007      7      16    1.9  19.92      17      55
 138.538    37.373 2007      7      16    4.4  21.54      18      19
 138.488    37.467 2007      7      16    2.1  13.10      18      28
 138.610    37.529 2007      7      16    2.4  17.77      18      38
 138.711    37.520 2007      7      16    2.8  26.37      18      49
 138.464    37.441 2007      7      16    3.1  21.12      18      58
 138.544    37.513 2007      7      16    2.7  18.25      19      14
 138.550    37.439 2007      7      16    2.5  19.58      19      26
 138.549    37.460 2007      7      16    2.0  18.24      19      30
 138.530    37.471 2007      7      16    2.4  17.05      19      35
 138.556    37.446 2007      7      16    2.7  20.12      19      36
 138.465    37.382 2007      7      16    2.5  13.84      19      37
 138.450    37.457 2007      7      16    3.0  26.00      19      48
 138.545    37.519 2007      7      16    3.0  18.53      19      57
 138.575    37.520 2007      7      16    2.2  17.19      19      59
 138.571    37.482 2007      7      16    2.2  18.93      20       0
 138.550    37.447 2007      7      16    2.1  20.33      20      20
 138.430    37.397 2007      7      16    3.1  17.11      20      22
 138.493    37.490 2007      7      16    2.5  19.83      20      38
 138.626    37.509 2007      7      16    2.6  21.00      20      47
 138.553    37.493 2007      7      16    2.5  17.28      20      50
 138.628    37.519 2007      7      16    2.0  19.60      20      52
 138.630    37.509 2007      7      16    4.4  20.42      21       8
 138.467    37.382 2007      7      16    2.5  15.17      21       9
 138.558    37.486 2007      7      16    2.4  17.95      21      14
 138.689    37.520 2007      7      16    3.4  27.37      21      15
 138.625    37.504 2007      7      16    1.9  22.04      21      19
 138.554    37.528 2007      7      16    3.4  17.89      21      53
 138.558    37.532 2007      7      16    2.4  17.92      21      53
 138.552    37.509 2007      7      16    2.5  18.63      22       0
 138.636    37.514 2007      7      16    1.8  21.58      22       3
 138.532    37.490 2007      7      16    2.7  18.85      22      13
 138.431    36.986 2007      7      16    0.9   6.07      22      20
 138.550    37.527 2007      7      16    2.4  17.29      22      30
 138.500    36.925 2007      7      16    0.1   6.33      22      43
 138.618    37.480 2007      7      16    2.1  23.05      22      47
 138.587    37.535 2007      7      16    2.3  16.86      22      49
 138.495    37.489 2007      7      16    2.9  20.24      22      50
 138.560    37.526 2007      7      16    3.0  17.35      22      51
 138.560    37.533 2007      7      16    3.8  17.72      22      55
 138.630    37.533 2007      7      16    2.1  20.40      22      59
 138.540    37.465 2007      7      16    2.1  18.47      23      11
 138.458    37.466 2007      7      16    3.3  19.19      23      22
 138.442    37.426 2007      7      16    2.8  17.52      23      25
 138.556    37.526 2007      7      16    2.4  16.53      23      30
 138.559    37.505 2007      7      16    2.2  19.67      23      34
 138.529    37.408 2007      7      16    2.4  18.68      23      48
 138.636    37.565 2007      7      16    3.1  14.01      23      50
 138.459    37.375 2007      7      16    2.9  16.89      23      52
 138.542    37.514 2007      7      16    2.3  15.79      23      54
 137.858    36.837 2007      7      17    0.9   0.00       0      32
 138.528    37.434 2007      7      17    3.0  19.21       0      34
 138.565    37.542 2007      7      17    2.7  17.61       0      35
 138.577    37.493 2007      7      17    3.3  19.06       0      39
 138.541    37.438 2007      7      17    2.2  19.47       0      49
 138.559    37.534 2007      7      17    2.4  18.05       1      16
 138.532    37.490 2007      7      17    2.1  18.96       1      24
 138.543    37.523 2007      7      17    3.6  17.83       1      35
 138.659    37.615 2007      7      17    2.2  25.26       1      44
 138.442    36.907 2007      7      17    0.1   3.55       1      47
 138.558    37.577 2007      7      17    3.0  16.65       1      55
 138.517    37.434 2007      7      17    2.7  17.10       1      59
 138.637    37.523 2007      7      17    1.9  19.89       2       8
 138.580    37.520 2007      7      17    3.0  16.62       2      10
 138.509    37.491 2007      7      17    2.2  24.21       2      39
 138.439    37.416 2007      7      17    3.2  16.74       3       3
 138.459    38.441 2007      7      17    1.2  14.65       3       8
 138.575    37.482 2007      7      17    2.2  18.50       3      11
 138.573    37.504 2007      7      17    2.5  17.61       3      19
 138.439    37.418 2007      7      17    2.5  15.62       3      23
 138.648    37.534 2007      7      17    2.2  21.39       3      34
 138.867    37.184 2007      7      17    0.7  11.81       3      41
 138.617    37.504 2007      7      17    2.2  22.81       3      55
 138.629    37.517 2007      7      17    2.7  17.10       4       4
 138.615    37.423 2007      7      17    1.8  23.66       4       7
 138.546    37.523 2007      7      17    2.5  17.28       4       7
 138.440    37.398 2007      7      17    2.6  18.76       4      13
 138.549    37.529 2007      7      17    2.4  15.95       4      45
 138.440    37.402 2007      7      17    2.5  17.50       4      52
 138.622    37.375 2007      7      17    1.6  27.95       4      54
 138.429    36.990 2007      7      17    0.9   9.14       5       8
 138.617    37.504 2007      7      17    3.2  15.96       5      20
 138.570    37.498 2007      7      17    2.9  17.51       5      27
 138.567    37.456 2007      7      17    2.5  19.86       5      28
 138.582    37.500 2007      7      17    2.4  19.89       5      32
 138.534    37.441 2007      7      17    2.0  18.51       5      32
 138.565    37.476 2007      7      17    2.1  17.70       5      40
 138.552    37.507 2007      7      17    2.8  18.05       5      48
 138.665    37.543 2007      7      17    2.3  19.61       5      55
 138.570    37.518 2007      7      17    2.2  22.30       6       0
 138.659    37.534 2007      7      17    3.1  19.82       6      19
 138.963    37.310 2007      7      17    0.4  10.21       6      40
 138.570    37.514 2007      7      17    2.1  17.12       6      42
 138.491    37.476 2007      7      17    2.1  20.93       6      58
 138.467    37.418 2007      7      17    2.0  17.91       7       8
 138.555    37.367 2007      7      17    1.1  17.09       7      10
 138.540    37.499 2007      7      17    1.9  18.06       7      11
 138.565    37.484 2007      7      17    1.7  19.89       7      16
 138.477    37.474 2007      7      17    1.9  18.99       7      17
 138.537    37.495 2007      7      17    2.0  19.20       7      18
 138.759    37.535 2007      7      17    1.8  24.74       7      56
 138.438    37.456 2007      7      17    2.2  13.09       8      19
 138.462    37.427 2007      7      17    2.2  17.45       8      20
 138.609    37.571 2007      7      17    2.2  17.73       8      21
 138.515    37.513 2007      7      17    2.3  25.79       8      30
 138.691    37.512 2007      7      17    2.1  26.64       8      38
 138.550    37.522 2007      7      17    3.5  19.32       8      39
 138.598    37.543 2007      7      17    2.5  15.76       8      48
 138.589    37.539 2007      7      17    2.4  16.70       9      10
 139.790    37.501 2007      7      17    0.7   8.96       9      26
 138.550    37.516 2007      7      17    2.5  18.57       9      27
 139.789    37.496 2007      7      17    0.5   9.33       9      28
 138.583    37.500 2007      7      17    1.5  18.96       9      31
 139.786    37.504 2007      7      17    1.9   8.04       9      35
 138.599    37.514 2007      7      17    1.6  18.75       9      35
 138.548    37.496 2007      7      17    1.8  18.79       9      48
 138.518    37.433 2007      7      17    1.9  19.21       9      50
 138.596    37.494 2007      7      17    2.4  18.01       9      52
 138.611    37.496 2007      7      17    1.9  20.71       9      55
 139.783    37.503 2007      7      17   -0.1   8.07       9      56
 138.660    37.483 2007      7      17    1.3   8.00       9      57
 138.617    37.479 2007      7      17    1.4  28.70      10      20
 138.550    37.424 2007      7      17    1.7  19.94      10      20
 138.581    37.490 2007      7      17    1.7  19.33      10      23
 138.576    37.575 2007      7      17    1.0  15.12      10      25
 138.518    37.491 2007      7      17    3.5  18.20      10      26
 138.541    37.422 2007      7      17    2.7  18.65      10      36
 138.475    37.387 2007      7      17    1.7  17.11      10      44
 138.527    37.422 2007      7      17    1.7  19.46      10      48
 138.623    37.578 2007      7      17    1.1  20.28      10      50
 138.553    37.490 2007      7      17    1.8  18.68      10      54
 138.548    37.453 2007      7      17    1.8  21.86      10      54
 139.931    37.880 2007      7      17    1.1   9.78      10      58
 138.611    37.551 2007      7      17    1.7  16.52      11      22
 138.476    37.362 2007      7      17    1.7  17.87      11      27
 138.547    37.428 2007      7      17    1.5  19.55      11      39
 138.756    37.520 2007      7      17    1.5  24.42      11      53
 138.735    37.493 2007      7      17    0.9  25.24      11      53
 138.586    37.515 2007      7      17    3.1  17.17      11      56
 138.584    37.492 2007      7      17    1.4  19.42      12       7
 138.474    37.464 2007      7      17    2.3  20.31      12       9
 139.482    36.625 2007      7      17    0.7   7.69      12      27
 138.565    37.465 2007      7      17    1.6  19.08      12      32
 138.498    37.388 2007      7      17    1.2  16.51      12      43
 138.730    37.367 2007      7      17    1.8  25.01      12      45
 138.497    37.374 2007      7      17    1.5  18.00      13      13
 138.621    37.460 2007      7      17    1.7  24.47      13      17
 138.579    37.459 2007      7      17    2.8  21.91      13      39
 138.596    37.525 2007      7      17    2.7  17.56      13      42
 137.851    36.834 2007      7      17    1.1   1.32      13      45
 138.599    37.525 2007      7      17    1.6  16.77      13      47
 138.640    37.545 2007      7      17    2.9  18.62      14      10
 138.643    37.539 2007      7      17    1.9  20.03      14      12
 138.560    37.475 2007      7      17    1.7  18.79      14      17
 138.522    37.453 2007      7      17    2.5  20.18      14      20
 138.522    37.398 2007      7      17    1.9  14.75      14      23
 138.555    37.545 2007      7      17    2.3  17.47      14      27
 138.606    37.479 2007      7      17    2.0  28.55      14      29
 138.542    37.489 2007      7      17    1.8  19.46      14      38
 138.610    37.486 2007      7      17    1.5  27.54      14      44
 138.621    37.565 2007      7      17    1.5  18.38      14      45
 138.615    37.492 2007      7      17    1.9  26.94      14      48
 138.639    37.537 2007      7      17    1.7  19.91      14      55
 138.553    37.442 2007      7      17    1.4  21.83      15       7
 138.594    37.420 2007      7      17    1.3  26.52      15       8
 138.498    37.469 2007      7      17    1.3  20.42      15      20
 138.529    37.523 2007      7      17    1.9  20.78      15      30
 138.640    37.505 2007      7      17    1.3  22.35      15      51
 138.617    37.554 2007      7      17    2.3  17.93      16       1
 138.559    37.531 2007      7      17    1.9  17.55      16       5
 138.595    37.559 2007      7      17    1.8  19.03      16      16
 138.558    37.513 2007      7      17    1.0  18.75      16      21
 138.602    37.507 2007      7      17    1.9  17.54      16      23
 138.607    37.555 2007      7      17    1.3  18.52      16      33
 139.788    37.503 2007      7      17    1.3   8.07      16      40
 138.645    37.394 2007      7      17    2.0  19.22      16      43
 139.720    37.934 2007      7      17    0.3   0.00      16      46
 138.493    37.472 2007      7      17    3.0  17.79      16      47
 138.597    37.599 2007      7      17    2.5  15.09      16      49
 138.536    37.516 2007      7      17    1.6  18.86      17       0
 139.431    36.634 2007      7      17    2.4   6.90      17      11
 139.433    36.637 2007      7      17    0.1   7.14      17      13
 138.518    37.471 2007      7      17    2.5  17.66      17      14
 138.601    37.528 2007      7      17    1.8  16.70      17      19
 138.522    37.496 2007      7      17    1.6  17.94      17      20
 138.502    37.371 2007      7      17    2.2  20.07      17      27
 138.537    37.477 2007      7      17    2.0   8.96      17      31
 138.559    37.523 2007      7      17    1.8  18.97      17      39
 138.628    37.377 2007      7      17    1.7  27.81      17      42
 138.491    37.491 2007      7      17    2.4  18.22      18      17
 138.626    37.502 2007      7      17    1.9  15.83      18      18
 138.639    37.572 2007      7      17    1.1  16.20      18      21
 138.468    37.399 2007      7      17    1.8  16.25      18      22
 138.546    37.455 2007      7      17    1.2  10.06      18      22
 138.552    37.503 2007      7      17    1.7  19.70      18      25
 138.549    37.471 2007      7      17    3.0  17.75      18      40
 138.623    37.545 2007      7      17    2.0  16.07      18      44
 138.535    37.423 2007      7      17    1.9  18.18      18      45
 138.596    37.583 2007      7      17    1.4  12.85      18      56
 138.431    37.426 2007      7      17    1.9  17.65      18      56
 138.611    37.494 2007      7      17    2.1  13.98      18      57
 138.615    37.446 2007      7      17    1.9  22.48      19       3
 138.442    37.440 2007      7      17    2.3  18.84      19       9
 138.545    37.465 2007      7      17    1.9  13.54      19      10
 138.489    37.368 2007      7      17    2.0  18.37      19      21
 138.593    37.594 2007      7      17    1.9  15.28      19      33
 138.645    37.544 2007      7      17    2.1  18.65      19      52
 138.506    37.383 2007      7      17    1.9  19.94      20       7
 138.598    37.525 2007      7      17    2.3  16.09      20      13
 138.566    37.468 2007      7      17    1.3  18.83      20      18
 138.590    37.579 2007      7      17    1.5  17.07      20      36
 138.530    37.424 2007      7      17    2.3  19.41      20      47
 138.409    37.020 2007      7      17    0.8  15.82      20      56
 138.502    37.457 2007      7      17    1.7  16.56      21       3
 138.691    37.530 2007      7      17    1.8   9.45      21       3
 138.525    37.373 2007      7      17    1.7  20.64      21       4
 138.443    37.610 2007      7      17    2.2  24.19      21      10
 138.543    37.517 2007      7      17    2.0  19.53      21      22
 138.562    37.558 2007      7      17    1.6  16.45      21      30
 139.934    37.239 2007      7      17    0.3   4.66      21      37
 138.617    37.477 2007      7      17    2.9  23.50      21      38
 138.553    37.521 2007      7      17    1.8  17.78      21      39
 138.458    37.476 2007      7      17    1.5  26.40      21      54
 138.524    37.513 2007      7      17    1.4  14.02      22      13
 138.506    37.414 2007      7      17    1.0  17.41      22      29
 138.528    37.487 2007      7      17    1.4  19.13      22      40
 138.567    37.485 2007      7      17    1.6  18.18      22      53
 138.488    37.453 2007      7      17    1.9  18.41      22      56
 138.561    37.507 2007      7      17    1.7  16.48      23       0
 138.530    37.488 2007      7      17    1.8  18.27      23       2
 138.541    37.437 2007      7      17    1.5  20.75      23       3
 138.538    37.371 2007      7      17    1.1  18.67      23      17
 138.601    37.551 2007      7      17    1.9  18.65      23      18
 138.504    37.367 2007      7      17    1.3  16.96      23      54
 138.547    37.441 2007      7      17    1.9  20.18      23      59
 139.936    37.245 2007      7      18    1.1   4.51       0       6
 138.600    37.527 2007      7      18    1.6  16.56       0       7
 138.566    37.438 2007      7      18    1.5  20.61       0       9
 138.624    37.515 2007      7      18    1.6  20.99       0      11
 138.482    37.371 2007      7      18    1.9  17.26       0      17
 138.438    36.979 2007      7      18    0.1  11.83       0      19
 138.539    37.526 2007      7      18    1.9  17.48       0      20
 138.520    37.169 2007      7      18    0.7  12.81       0      31
 138.573    37.483 2007      7      18    2.1  18.63       0      46
 139.175    37.730 2007      7      18    0.7  10.40       0      58
 138.555    37.529 2007      7      18    2.6  17.33       1       2
 138.492    37.366 2007      7      18    1.8  17.78       1       4
 138.571    37.484 2007      7      18    2.0  18.34       1       5
 138.416    36.982 2007      7      18    0.4  13.67       1       6
 138.632    37.520 2007      7      18    2.6  16.87       1      25
 138.507    37.380 2007      7      18    1.8  20.09       1      58
 138.571    37.506 2007      7      18    1.3  19.78       2       5
 138.503    37.489 2007      7      18    1.7  20.18       2      33
 138.570    37.592 2007      7      18    1.9  15.71       2      45
 138.546    37.491 2007      7      18    2.0  16.90       2      47
 138.619    37.477 2007      7      18    1.3  22.85       2      52
 138.569    37.484 2007      7      18    1.3  19.18       3      18
 138.629    37.649 2007      7      18    2.3  23.30       3      19
 138.617    37.502 2007      7      18    2.3  16.13       3      21
 138.427    36.910 2007      7      18    0.0   5.19       3      22
 138.702    38.332 2007      7      18    1.7  13.03       3      40
 138.559    37.519 2007      7      18    1.7  18.78       3      47
 138.578    37.520 2007      7      18    1.6  16.19       3      47
 137.481    37.520 2007      7      18    1.0  14.11       3      53
 138.565    37.516 2007      7      18    2.0  18.17       4       4
 139.940    37.240 2007      7      18    1.2   4.69       4      20
 138.879    37.301 2007      7      18    0.5   8.74       4      25
 138.884    37.302 2007      7      18    0.4   7.97       4      26
 139.035    37.409 2007      7      18    3.9   0.86       4      39
 138.424    37.413 2007      7      18    2.3  16.45       4      42
 138.655    37.532 2007      7      18    1.7  20.39       4      51
 139.019    37.410 2007      7      18    1.2   5.24       4      56
 138.766    37.546 2007      7      18    1.6  25.85       4      56
 138.494    37.481 2007      7      18    2.8  19.65       5       8
 138.618    37.148 2007      7      18    1.9  13.36       5      11
 138.490    37.490 2007      7      18    1.6  19.53       5      15
 138.497    37.381 2007      7      18    1.9  18.78       5      22
 138.562    37.429 2007      7      18    2.2  20.92       5      27
 138.643    37.383 2007      7      18    1.2  27.39       5      41
 139.004    37.415 2007      7      18    1.0   8.04       5      55
 138.548    37.458 2007      7      18    1.3  18.92       6       1
 138.544    37.420 2007      7      18    1.9  19.48       6       7
 138.588    37.496 2007      7      18    1.4  18.67       6      24
 138.487    37.367 2007      7      18    1.3  18.30       6      38
 138.613    37.486 2007      7      18    2.1  21.35       6      54
 138.644    37.486 2007      7      18    1.4  23.16       7      39
 138.594    37.423 2007      7      18    1.4  24.98       7      53
 138.601    37.554 2007      7      18    1.1  17.38       7      57
 138.470    37.373 2007      7      18    1.8  18.86       7      59
 138.540    37.476 2007      7      18    1.8  20.90       7      59
 138.538    37.403 2007      7      18    1.5  18.18       8      10
 138.604    37.388 2007      7      18    1.5  17.78       8      40
 138.564    37.484 2007      7      18    1.5  18.98       8      52
 138.477    37.443 2007      7      18    2.8  17.87       8      57
 138.633    37.543 2007      7      18    2.5  16.13       8      58
 138.428    36.959 2007      7      18    1.1  10.70       9       2
 138.422    36.952 2007      7      18    0.8  10.95       9       3
 138.628    37.525 2007      7      18    1.2  13.64       9       8
 138.538    37.521 2007      7      18    2.2  19.69       9       9
 138.530    37.495 2007      7      18    1.8  16.03       9       9
 138.423    36.952 2007      7      18    0.6  10.18       9      10
 138.543    37.500 2007      7      18    2.0  19.60       9      11
 138.507    37.361 2007      7      18    1.2  17.44       9      18
 138.485    37.476 2007      7      18    1.4  20.54       9      30
 137.843    37.267 2007      7      18    1.2  19.98       9      43
 138.569    37.496 2007      7      18    1.8  18.40       9      45
 138.391    37.482 2007      7      18    2.0  20.53      10       2
 138.438    37.421 2007      7      18    1.7  16.59      10       5
 138.596    37.387 2007      7      18    1.5  21.61      10       7
 138.502    37.403 2007      7      18    1.6  18.39      10      26
 138.593    37.563 2007      7      18    1.4  16.80      10      34
 138.559    37.536 2007      7      18    1.7  20.99      11       7
 138.539    37.381 2007      7      18    1.4  19.62      11      15
 138.430    37.429 2007      7      18    1.8  18.21      11      19
 138.588    37.511 2007      7      18    2.4  18.46      11      37
 138.569    37.477 2007      7      18    3.7  18.01      11      47
 138.550    37.543 2007      7      18    1.1  17.75      12      12
 138.558    37.469 2007      7      18    1.3  21.19      12      17
 138.579    37.517 2007      7      18    2.2  20.12      12      36
 138.526    37.512 2007      7      18    1.5  21.04      12      43
 138.629    37.470 2007      7      18    1.2  27.56      12      55
 138.544    37.508 2007      7      18    2.3  17.38      13       0
 137.846    36.838 2007      7      18    2.2   0.00      13      11
 138.255    37.306 2007      7      18    1.2  15.82      13      13
 138.718    37.534 2007      7      18    1.8  26.13      13      14
 138.582    37.387 2007      7      18    1.1  20.82      13      21
 139.023    37.409 2007      7      18    1.5   5.66      13      23
 138.586    37.558 2007      7      18    1.4  16.76      13      28
 138.439    37.482 2007      7      18    1.5  23.44      13      57
 138.563    37.514 2007      7      18    1.1  20.84      14       9
 138.532    37.388 2007      7      18    1.6  19.66      14      32
 138.586    37.493 2007      7      18    1.2  13.05      14      41
 138.485    37.460 2007      7      18    1.3  19.12      14      42
 139.349    36.651 2007      7      18    0.5   8.75      14      50
 138.921    37.245 2007      7      18    0.8  10.76      14      52
 138.576    37.498 2007      7      18    1.3  20.63      14      57
 139.786    37.502 2007      7      18    0.7   8.39      14      58
 137.856    36.835 2007      7      18    2.1   0.00      15      10
 138.627    37.519 2007      7      18    1.1  17.17      15      40
 138.622    37.479 2007      7      18    1.1  24.02      15      43
 138.509    37.376 2007      7      18    1.0  10.96      15      50
 138.429    37.457 2007      7      18    2.2  17.24      15      53
 139.446    36.618 2007      7      18    0.4   7.90      15      54
 138.454    37.453 2007      7      18    1.3  19.65      15      56
 138.445    37.341 2007      7      18    1.0  20.75      16       5
 138.487    37.411 2007      7      18    1.6  17.62      16       9
 139.431    36.634 2007      7      18    0.8   7.13      16      14
 138.620    37.513 2007      7      18    1.7  22.22      16      49
 138.615    37.442 2007      7      18    4.3  22.97      16      53
 138.605    37.435 2007      7      18    2.1  24.78      16      56
 138.607    37.434 2007      7      18    1.6  24.16      17       6
 138.603    37.434 2007      7      18    1.2  23.80      17      16
 138.739    37.499 2007      7      18    1.6  25.95      17      17
 138.617    37.549 2007      7      18    2.7  16.91      17      25
 138.609    37.439 2007      7      18    1.7  25.21      17      29
 138.534    37.409 2007      7      18    2.0  19.40      17      36
 138.600    37.432 2007      7      18    1.3  24.67      17      50
 138.569    37.478 2007      7      18    1.3  21.09      17      55
 138.618    37.496 2007      7      18    1.7  15.03      18       9
 138.523    37.482 2007      7      18    1.6  19.66      18      10
 138.623    37.450 2007      7      18    1.2  24.15      18      16
 138.607    37.550 2007      7      18    1.5  18.45      18      22
 138.555    37.525 2007      7      18    2.0  19.42      18      24
 138.502    37.393 2007      7      18    1.1  13.74      18      50
 138.458    37.462 2007      7      18    0.7  21.55      18      51
 138.691    37.533 2007      7      18    1.6   9.78      18      55
 138.504    37.414 2007      7      18    1.8  19.42      19       3
 138.563    37.525 2007      7      18    2.0  17.40      19      20
 138.459    37.423 2007      7      18    2.4  17.86      19      27
 138.518    37.426 2007      7      18    1.7  19.70      19      38
 138.554    37.502 2007      7      18    2.3  17.61      19      40
 138.974    37.427 2007      7      18    0.5  12.38      19      42
 138.595    37.540 2007      7      18    1.6  16.71      19      59
 138.494    37.472 2007      7      18    3.7  20.67      20       2
 138.575    37.446 2007      7      18    1.7  20.35      20      14
 138.438    37.418 2007      7      18    2.7  19.39      20      20
 138.547    37.420 2007      7      18    1.4  18.96      20      31
 138.273    37.502 2007      7      18    1.8  27.24      20      42
 138.395    37.426 2007      7      18    1.4  19.41      20      47
 138.619    37.442 2007      7      18    1.6  21.29      20      48
 138.614    37.445 2007      7      18    1.7  23.53      21      28
 138.612    37.445 2007      7      18    1.4  25.39      21      34
 138.576    37.485 2007      7      18    1.6  19.39      21      37
 138.523    37.407 2007      7      18    2.9  19.23      21      45
 138.530    37.489 2007      7      18    3.0  17.67      21      47
 139.023    37.415 2007      7      18    1.4   6.84      21      53
 138.433    37.431 2007      7      18    2.1  25.75      21      54
 138.429    37.441 2007      7      18    1.3  24.16      21      56
 138.432    37.431 2007      7      18    1.7  25.98      21      58
 138.611    37.560 2007      7      18    1.1  16.88      22       5
 138.633    37.573 2007      7      18    1.1  15.49      22       6
 138.542    37.514 2007      7      18    1.9  17.21      22      22
 138.529    37.411 2007      7      18    1.4  17.69      22      39
 138.621    37.456 2007      7      18    1.9  22.66      22      56
 139.550    37.864 2007      7      18    0.4   2.12      23       6
 138.835    37.241 2007      7      18    0.6   7.27      23      12
 138.226    36.702 2007      7      18    0.1   8.31      23      21
 138.548    37.489 2007      7      18    2.2  18.40      23      30
 138.575    37.481 2007      7      18    2.8  18.44      23      33
 138.575    37.489 2007      7      18    1.0  16.64      23      36
 138.570    37.477 2007      7      18    1.2  18.28      23      38
 138.577    37.483 2007      7      18    1.6  17.27      23      43
 139.458    36.633 2007      7      18    1.2   9.22      23      51
 140.237    38.191 2007      7      18    0.5   4.63      23      56
 138.574    37.493 2007      7      19    1.1  19.49       0       2
 138.447    37.374 2007      7      19    1.3  16.73       0       2
 138.475    37.436 2007      7      19    0.9  12.92       0       3
 138.168    37.440 2007      7      19    1.1  22.21       0       4
 138.565    37.526 2007      7      19    0.6  17.38       0       5
 138.480    37.450 2007      7      19    1.0  16.47       0       7
 138.625    37.535 2007      7      19    0.7  15.07       0       8
 138.559    37.541 2007      7      19    1.7  18.58       0      29
 138.529    37.543 2007      7      19    2.5  17.81       0      37
 138.471    37.467 2007      7      19    1.5  23.14       0      51
 139.932    37.881 2007      7      19    0.5   9.98       1      10
 138.509    37.394 2007      7      19    1.9  16.88       1      14
 138.538    37.515 2007      7      19    1.2  19.87       1      38
 138.531    37.385 2007      7      19    1.1  19.28       1      46
 138.622    37.467 2007      7      19    1.0  23.53       1      49
 138.501    37.380 2007      7      19    1.1  20.04       1      49
 138.659    37.489 2007      7      19    0.8  28.68       2       1
 138.472    37.340 2007      7      19    0.8  20.12       2       9
 138.684    37.528 2007      7      19    1.5  10.25       2      18
 138.483    37.472 2007      7      19    1.5  17.64       2      30
 138.510    37.395 2007      7      19    1.3  19.00       2      49
 139.741    37.985 2007      7      19    0.1   3.38       2      49
 138.531    37.425 2007      7      19    1.7  18.46       3      11
 139.460    36.634 2007      7      19    1.5   9.25       3      14
 139.456    36.634 2007      7      19    0.4   9.53       3      14
 138.579    37.476 2007      7      19    1.0  20.96       3      15
 138.219    38.084 2007      7      19    0.2  13.40       3      22
 138.473    37.444 2007      7      19    1.3  17.98       3      34
 138.572    37.474 2007      7      19    1.5  17.96       3      42
 138.525    37.513 2007      7      19    2.0  19.72       3      52
 138.599    37.514 2007      7      19    0.9  15.01       4      13
 138.619    37.375 2007      7      19    1.3  26.84       4      13
 138.657    37.542 2007      7      19    1.5  19.08       4      35
 138.627    37.487 2007      7      19    2.1  22.89       4      38
 140.034    38.335 2007      7      19    0.0  10.38       4      39
 138.592    37.541 2007      7      19    1.7  15.96       4      53
 140.032    38.334 2007      7      19    0.6   9.81       5       0
 138.558    37.416 2007      7      19    1.0  21.08       5      20
 138.530    37.543 2007      7      19    2.3  17.83       5      27
 138.575    37.461 2007      7      19    1.5  18.97       5      28
 138.541    37.514 2007      7      19    2.2  18.22       5      44
 138.630    37.552 2007      7      19    1.3  13.53       5      46
 138.663    37.543 2007      7      19    1.6  18.92       6      15
 138.542    37.524 2007      7      19    1.6  17.91       6      21
 138.602    37.508 2007      7      19    1.3  15.50       6      29
 138.493    37.378 2007      7      19    1.5  18.81       6      42
 139.457    36.635 2007      7      19    0.4   9.32       6      55
 138.610    37.572 2007      7      19    1.9  22.76       6      59
 138.568    37.495 2007      7      19    1.9  18.80       7       2
 138.501    37.395 2007      7      19    0.9  19.85       7      33
 138.608    37.527 2007      7      19    2.0  17.80       7      39
 138.576    37.501 2007      7      19    2.7  18.22       7      46
 138.542    37.525 2007      7      19    1.5  18.00       7      47
 138.576    37.486 2007      7      19    1.2  19.73       8       7
 138.625    37.498 2007      7      19    1.8  15.19       8      15
 138.753    37.534 2007      7      19    1.2  27.42       8      23
 138.580    37.440 2007      7      19    1.9  20.30       8      24
 138.527    37.503 2007      7      19    2.6  16.91       8      25
 138.709    37.042 2007      7      19    0.7  11.97       8      28
 137.991    36.792 2007      7      19    0.1   8.21       8      44
 138.631    37.588 2007      7      19    1.8  19.35       8      53
 138.528    37.450 2007      7      19    1.3  18.46       9       0
 138.530    37.520 2007      7      19    1.0  18.22       9       6
 138.532    37.426 2007      7      19    2.1  19.25       9      39
 138.668    37.543 2007      7      19    1.1  19.36       9      43
 138.533    37.407 2007      7      19    1.0   6.67       9      52
 138.520    37.453 2007      7      19    0.9  19.17       9      57
 138.479    37.379 2007      7      19    1.1  16.86      10       7
 138.882    37.183 2007      7      19    0.9  11.35      10       9
 138.514    37.380 2007      7      19    0.8  15.84      10      17
 138.501    37.461 2007      7      19    0.9  19.64      10      18
 138.618    37.501 2007      7      19    1.1  15.07      10      24
 138.565    37.510 2007      7      19    1.2  18.07      10      26
 138.477    37.459 2007      7      19    0.9  18.93      10      27
 138.581    37.467 2007      7      19    1.2  19.50      10      29
 138.559    37.441 2007      7      19    0.9  23.02      10      33
 137.877    36.628 2007      7      19    0.2   9.20      10      38
 139.534    37.432 2007      7      19    0.7   4.52      10      46
 139.745    37.982 2007      7      19   -0.2   3.83      10      57
 138.514    37.501 2007      7      19    1.5  19.39      10      59
 139.017    37.415 2007      7      19    0.6   7.55      10      59
 138.510    37.398 2007      7      19    1.0  19.42      11       2
 138.555    37.527 2007      7      19    1.7  16.76      11       6
 138.508    37.377 2007      7      19    2.1  19.30      11      12
 138.573    37.366 2007      7      19    0.9  20.60      11      25
 138.612    37.565 2007      7      19    1.1  17.71      11      27
 139.630    36.788 2007      7      19    0.1   9.81      11      34
 139.623    36.788 2007      7      19    0.6   8.66      11      34
 138.558    37.434 2007      7      19    1.1  21.31      11      38
 138.486    37.464 2007      7      19    0.9  19.77      11      47
 138.648    37.535 2007      7      19    1.1  16.84      11      47
 138.580    37.533 2007      7      19    1.4  16.51      11      53
 138.534    37.392 2007      7      19    1.1  20.57      12       4
 138.600    37.559 2007      7      19    1.3  17.12      12       6
 138.635    37.540 2007      7      19    1.1  13.27      12       7
 138.582    37.475 2007      7      19    2.3  19.83      12      10
 138.626    37.568 2007      7      19    2.6  16.63      12      15
 138.554    37.294 2007      7      19    1.8   0.00      12      16
 138.568    37.512 2007      7      19    1.1  18.44      12      16
 138.583    37.548 2007      7      19    1.1  16.26      12      18
 138.426    37.438 2007      7      19    1.2  18.51      12      24
 138.552    37.450 2007      7      19    0.9  13.08      12      41
 138.556    37.519 2007      7      19    1.1  18.04      12      54
 138.740    37.498 2007      7      19    1.2  25.58      13      10
 138.742    37.500 2007      7      19    1.1  25.57      13      18
 138.588    37.514 2007      7      19    1.3  17.89      13      22
 138.431    37.389 2007      7      19    2.5  17.77      13      23
 138.533    37.453 2007      7      19    1.1  19.30      13      42
 138.621    37.453 2007      7      19    0.9  25.07      13      55
 138.460    37.389 2007      7      19    1.4  15.74      14       0
 138.561    37.469 2007      7      19    1.0  19.94      14       6
 138.593    37.559 2007      7      19    2.0  16.35      14      11
 138.440    37.435 2007      7      19    1.2  17.32      14      14
 138.602    37.539 2007      7      19    1.9  13.79      14      18
 138.640    37.511 2007      7      19    1.3  21.82      14      20
 138.583    37.502 2007      7      19    1.3  17.00      14      24
 138.617    37.535 2007      7      19    1.5  14.47      14      41
 138.530    37.501 2007      7      19    2.0  18.14      14      55
 138.563    37.506 2007      7      19    1.4  16.63      15       3
 138.603    37.478 2007      7      19    1.3  17.46      15      16
 138.615    37.564 2007      7      19    1.5  18.10      15      23
 139.808    37.492 2007      7      19    0.8  11.21      15      28
 138.488    37.380 2007      7      19    1.9  17.70      15      35
 138.873    37.184 2007      7      19    1.7  12.05      15      43
 138.481    37.574 2007      7      19    3.2  20.16      15      46
 138.481    37.570 2007      7      19    1.7  20.46      15      49
 138.630    37.588 2007      7      19    1.3  13.91      15      52
 138.457    37.456 2007      7      19    1.9  20.48      15      54
 138.638    37.557 2007      7      19    1.0  20.31      15      54
 138.549    37.411 2007      7      19    1.1  19.96      16       8
 138.453    37.402 2007      7      19    1.0  12.28      16      14
 138.545    37.423 2007      7      19    1.7  20.65      16      31
 138.462    37.553 2007      7      19    1.8  20.33      16      35
 138.710    37.048 2007      7      19    1.7  11.53      16      35
 138.581    37.507 2007      7      19    1.2  18.42      17       0
 138.529    37.477 2007      7      19    1.0  15.55      17       2
 138.452    37.473 2007      7      19    1.9  19.37      17      13
 138.623    37.387 2007      7      19    0.8  21.49      17      19
 138.556    37.523 2007      7      19    1.8  17.71      17      26
 138.463    37.438 2007      7      19    1.1  14.00      17      28
 138.549    37.499 2007      7      19    0.8  21.55      17      35
 138.563    37.465 2007      7      19    1.2  20.31      17      40
 138.530    37.389 2007      7      19    0.9  11.53      17      45
 139.319    36.730 2007      7      19   -0.2   5.99      17      47
 139.315    36.732 2007      7      19    0.6   7.15      17      48
 138.544    37.492 2007      7      19    0.9  12.22      17      53
 138.482    37.572 2007      7      19    1.2  19.85      18       7
 138.577    37.488 2007      7      19    1.2  18.62      18      11
 138.519    37.420 2007      7      19    1.0  18.70      18      17
 138.526    37.406 2007      7      19    1.0  15.05      18      30
 138.599    37.570 2007      7      19    1.4  12.61      18      38
 138.533    37.422 2007      7      19    1.6  18.85      18      44
 138.556    37.444 2007      7      19    0.7  21.20      18      57
 138.562    37.429 2007      7      19    0.9  21.93      19       4
 138.530    37.405 2007      7      19    1.0  18.66      19      14
 138.593    37.597 2007      7      19    1.9  14.93      19      20
 138.602    37.541 2007      7      19    2.2  15.76      19      23
 138.658    37.543 2007      7      19    1.1  20.45      19      26
 138.581    37.470 2007      7      19    1.1  18.67      19      43
 138.681    37.535 2007      7      19    1.0   8.30      19      48
 138.588    37.533 2007      7      19    1.6  16.42      19      49
 138.558    37.447 2007      7      19    0.9  20.56      20      14
 138.492    37.410 2007      7      19    0.7  13.62      20      14
 138.598    37.578 2007      7      19    1.3  14.59      20      15
 138.520    37.487 2007      7      19    2.5  18.78      20      18
 139.000    37.421 2007      7      19    0.8   8.37      20      21
 138.473    37.371 2007      7      19    1.5  19.85      20      25
 138.428    37.398 2007      7      19    2.1  18.02      20      30
 138.560    37.530 2007      7      19    1.9  17.01      20      37
 138.499    37.471 2007      7      19    1.0  20.45      21       6
 138.450    37.413 2007      7      19    2.1  17.59      21      26
 138.518    37.492 2007      7      19    1.7  18.67      21      39
 138.622    37.534 2007      7      19    0.9  19.76      21      41
 138.615    37.531 2007      7      19    1.5  14.48      21      58
 138.553    37.545 2007      7      19    1.4  18.76      22       0
 138.437    37.448 2007      7      19    1.3  20.27      22       9
 138.665    37.536 2007      7      19    1.4  19.76      22      17
 138.470    37.447 2007      7      19    1.7  18.95      22      19
 138.512    37.389 2007      7      19    2.1  18.31      22      28
 138.523    37.490 2007      7      19    1.3   8.45      22      28
 138.445    37.402 2007      7      19    2.2  19.46      22      41
 138.482    37.571 2007      7      19    1.8  19.76      22      43
 138.522    37.404 2007      7      19    1.6  19.11      22      56
 138.514    37.379 2007      7      19    0.9  17.54      22      57
 138.564    37.510 2007      7      19    2.5  18.58      23       4
 138.601    37.538 2007      7      19    2.1  14.46      23       8
 138.482    37.359 2007      7      19    1.1  16.90      23      12
 138.475    37.370 2007      7      19    0.7  12.75      23      15
 139.901    37.195 2007      7      19   -0.1   7.00      23      20
 138.548    37.527 2007      7      19    1.2  19.05      23      36
 138.112    36.532 2007      7      19    1.1   7.92      23      36
 138.470    37.367 2007      7      19    0.8  14.25      23      45
 138.567    37.454 2007      7      19    1.1  16.93      23      46
 138.475    37.397 2007      7      19    1.6  17.55      23      51
 138.571    37.504 2007      7      19    1.6  17.12      23      51
 138.495    37.374 2007      7      19    1.1  19.49      23      52
 138.567    37.427 2007      7      19    0.9  19.32      23      54
 138.458    37.422 2007      7      19    2.2  17.92      23      58
 138.637    37.569 2007      7      20    1.2  17.27       0       2
 138.492    37.362 2007      7      20    1.1  18.28       0       5
 138.618    37.491 2007      7      20    0.8  14.33       0       6
 138.434    37.411 2007      7      20    0.6  15.72       0      14
 138.502    37.481 2007      7      20    0.7  19.03       0      20
 138.508    37.510 2007      7      20    1.0  18.48       0      24
 138.590    37.518 2007      7      20    0.8  15.67       0      27
 138.666    37.544 2007      7      20    1.3  18.24       0      37
 139.373    36.555 2007      7      20    0.2   5.14       0      39
 138.640    37.399 2007      7      20    1.1  19.96       0      46
 138.487    37.378 2007      7      20    0.8  12.96       0      48
 138.598    37.504 2007      7      20    0.9  17.83       0      50
 138.566    37.494 2007      7      20    0.9  18.01       1       8
 138.531    37.491 2007      7      20    1.0  16.26       1      14
 139.838    37.804 2007      7      20   -0.2  10.48       1      15
 138.488    37.370 2007      7      20    1.9  18.24       1      16
 138.539    37.498 2007      7      20    1.1  16.48       1      35
 138.611    37.491 2007      7      20    0.7  24.75       1      40
 138.597    37.499 2007      7      20    0.9  19.91       1      41
 138.459    37.400 2007      7      20    1.0  17.86       1      44
 139.784    37.501 2007      7      20    0.0   8.27       1      45
 138.558    37.453 2007      7      20    4.2  19.38       1      52
 138.482    37.468 2007      7      20    1.5  20.18       2      14
 138.517    37.385 2007      7      20    0.8  17.55       2      31
 138.520    37.391 2007      7      20    1.5  20.08       2      38
 138.506    37.414 2007      7      20    1.3  20.76       2      39
 138.485    37.472 2007      7      20    0.6  20.46       2      42
 138.512    37.366 2007      7      20    0.9  13.61       2      43
 138.531    37.417 2007      7      20    1.0  21.81       2      49
 138.572    37.475 2007      7      20    1.0  17.25       3      11
 138.614    37.596 2007      7      20    1.1  13.49       3      12
 138.614    37.599 2007      7      20    1.2   9.94       3      12
 138.584    37.508 2007      7      20    2.6  18.50       3      14
 138.635    37.525 2007      7      20    1.4  19.64       3      20
 138.544    37.520 2007      7      20    1.0  18.62       3      25
 138.536    37.493 2007      7      20    0.6  19.55       3      49
 138.589    37.483 2007      7      20    1.5  17.65       3      51
 139.904    37.773 2007      7      20    0.3   6.89       3      58
 139.011    37.416 2007      7      20    0.7   6.27       4       2
 138.538    37.425 2007      7      20    0.8  19.72       4       3
 138.702    37.056 2007      7      20    0.4  11.91       4      10
 138.537    37.518 2007      7      20    1.6  18.08       4      15
 138.462    37.376 2007      7      20    1.2  14.55       4      18
 139.036    37.403 2007      7      20    1.2   1.31       4      36
 138.684    37.540 2007      7      20    1.8  10.14       4      50
 138.549    37.453 2007      7      20    0.9  19.67       4      56
 138.593    37.537 2007      7      20    0.9  13.86       5      22
 138.490    37.395 2007      7      20    1.2  16.34       5      26
 138.368    37.486 2007      7      20    0.7  24.79       5      31
 138.509    37.380 2007      7      20    1.2  19.12       5      45
 138.511    37.489 2007      7      20    1.1  17.35       5      58
 138.590    37.483 2007      7      20    1.3  17.69       6       8
 138.223    37.287 2007      7      20    2.8  18.27       6      22
 138.554    37.516 2007      7      20    2.7  20.80       6      22
 138.527    37.456 2007      7      20    1.7  17.40       6      25
 138.233    37.286 2007      7      20    0.7  14.19       6      29
 138.527    37.483 2007      7      20    1.6  21.27       6      42
 138.470    37.365 2007      7      20    0.7  14.76       7       6
 138.296    37.802 2007      7      20    0.3  15.33       7       7
 138.538    37.524 2007      7      20    1.4  16.56       7      10
 138.467    37.459 2007      7      20    0.8  14.61       7      37
 138.706    37.556 2007      7      20    1.5  26.60       7      57
 138.571    37.533 2007      7      20    1.8  15.65       8       5
 138.544    37.425 2007      7      20    1.9  19.59       8      14
 138.547    37.520 2007      7      20    1.3  16.84       8      36
 138.585    37.225 2007      7      20    1.6  10.72       8      56
 138.525    37.398 2007      7      20    1.0  16.43       9      16
 138.581    37.467 2007      7      20    1.3  18.63       9      22
 138.496    37.364 2007      7      20    1.1  16.61       9      48
 138.565    37.478 2007      7      20    1.4  19.10      10       6
 138.612    37.572 2007      7      20    2.2  17.19      10      11
 138.519    37.488 2007      7      20    1.0  18.11      10      16
 138.492    37.470 2007      7      20    0.9  17.52      10      19
 138.532    37.523 2007      7      20    1.0  19.41      10      26
 138.539    37.378 2007      7      20    1.4  17.19      10      33
 137.423    37.670 2007      7      20    1.6  11.87      10      39
 137.541    36.529 2007      7      20    1.0  10.20      10      45
 138.523    37.392 2007      7      20    1.0  14.37      10      57
 138.520    37.420 2007      7      20    1.4  17.42      11      30
 138.619    37.544 2007      7      20    1.3  14.14      11      44
 138.608    37.541 2007      7      20    1.6  14.73      11      46
 138.585    37.590 2007      7      20    1.4  10.64      11      54
 138.563    37.510 2007      7      20    0.8  18.45      12      10
 138.545    37.523 2007      7      20    1.2  10.48      12      12
 138.479    37.377 2007      7      20    0.8  20.82      12      13
 138.613    37.538 2007      7      20    1.1  14.42      12      14
 138.702    38.339 2007      7      20    1.9  12.44      12      18
 138.738    36.846 2007      7      20    0.8   4.94      12      28
 138.502    37.401 2007      7      20    1.5  18.34      12      35
 138.541    37.411 2007      7      20    0.9  24.09      12      40
 138.570    37.483 2007      7      20    0.8  19.51      12      56
 138.470    37.490 2007      7      20    0.7  20.97      12      58
 138.532    37.415 2007      7      20    1.1  22.63      13       3
 138.573    37.383 2007      7      20    0.8  26.14      13       7
 138.556    37.508 2007      7      20    1.1  18.17      13      27
 138.543    37.484 2007      7      20    1.4  19.13      13      52
 138.483    37.374 2007      7      20    2.5  17.97      14       2
 138.606    37.526 2007      7      20    1.3  14.45      14      10
 138.537    37.424 2007      7      20    0.9  15.09      14      12
 138.371    37.371 2007      7      20    1.6  18.97      14      16
 138.514    37.494 2007      7      20    3.3  19.15      14      19
 138.454    37.358 2007      7      20    1.2  13.86      14      23
 138.572    37.482 2007      7      20    1.4  18.48      14      24
 138.511    37.499 2007      7      20    1.9  20.39      14      33
 138.550    37.472 2007      7      20    0.9  22.69      14      43
 138.384    37.373 2007      7      20    1.0  15.98      14      56
 138.427    37.423 2007      7      20    1.2  18.99      15       0
 138.386    37.371 2007      7      20    1.0  16.02      15       3
 138.487    37.372 2007      7      20    0.9  19.49      15       3
 138.379    37.367 2007      7      20    1.4  17.85      15       6
 138.545    37.526 2007      7      20    2.0  19.86      15      10
 138.513    37.385 2007      7      20    1.0  20.57      15      26
 138.531    37.480 2007      7      20    0.9  15.44      15      33
 138.504    37.386 2007      7      20    1.1  17.82      15      44
 138.555    37.476 2007      7      20    1.0  20.94      15      51
 138.566    37.498 2007      7      20    1.2  18.59      15      54
 138.609    37.542 2007      7      20    1.4  18.33      16       1
 138.559    37.512 2007      7      20    1.5  18.96      16       2
 138.486    37.383 2007      7      20    1.0  10.52      16      26
 138.569    37.456 2007      7      20    1.3  19.78      16      29
 138.514    37.404 2007      7      20    1.4  19.15      16      32
 138.609    37.530 2007      7      20    1.1  13.06      16      52
 138.391    37.376 2007      7      20    1.3  13.76      16      56
 138.534    37.389 2007      7      20    1.0   7.22      16      56
 138.525    37.422 2007      7      20    1.8  19.15      16      58
 138.630    37.499 2007      7      20    0.9  22.27      17      15
 138.480    37.470 2007      7      20    1.6  22.14      17      20
 138.607    37.528 2007      7      20    1.2  15.40      17      26
 138.532    37.404 2007      7      20    0.9  11.03      17      30
 138.553    37.399 2007      7      20    0.9  20.23      17      56
 138.423    37.391 2007      7      20    0.8  12.58      17      59
 138.546    37.523 2007      7      20    1.4  19.35      18       0
 138.494    37.378 2007      7      20    1.4  18.69      18       3
 138.595    37.520 2007      7      20    1.4  15.67      18       3
 138.591    37.509 2007      7      20    1.1  15.06      18       3
 138.683    37.534 2007      7      20    2.0   9.83      18      17
 138.499    37.363 2007      7      20    1.1  12.49      18      29
 138.553    37.459 2007      7      20    1.0  17.98      18      31
 138.539    37.517 2007      7      20    1.2  17.59      18      31
 138.542    37.514 2007      7      20    1.2  18.30      18      32
 138.882    37.308 2007      7      20    0.5  14.29      18      42
 138.464    37.454 2007      7      20    1.2  18.51      18      46
 138.596    37.492 2007      7      20    1.8  15.38      18      55
 138.527    37.428 2007      7      20    1.1  21.68      19       7
 138.486    37.384 2007      7      20    1.2  14.71      19      16
 138.612    37.444 2007      7      20    0.8  22.44      19      17
 138.685    37.531 2007      7      20    1.2   9.74      19      30
 138.497    37.383 2007      7      20    0.7  22.54      19      31
 138.568    37.328 2007      7      20    1.0  23.79      19      35
 138.547    37.495 2007      7      20    1.2  17.04      19      37
 138.643    37.561 2007      7      20    1.1  16.05      19      39
 138.632    37.556 2007      7      20    1.3  17.60      19      43
 138.531    37.419 2007      7      20    0.9  15.09      19      46
 138.763    37.533 2007      7      20    0.7  24.36      19      59
 138.420    37.437 2007      7      20    1.1  18.18      20       8
 138.501    37.476 2007      7      20    1.9  19.23      20      11
 138.474    37.390 2007      7      20    0.9   9.67      20      16
 138.528    37.402 2007      7      20    1.0  18.62      20      33
 138.375    37.383 2007      7      20    1.3  15.57      20      47
 138.570    37.501 2007      7      20    1.8  18.85      20      55
 138.494    37.375 2007      7      20    1.5  18.54      21       2
 138.533    37.505 2007      7      20    0.8  19.51      21      10
 138.605    37.523 2007      7      20    0.9  14.69      21      10
 138.503    37.415 2007      7      20    1.2  20.53      21      21
 138.633    37.494 2007      7      20    1.1  21.98      21      24
 138.631    37.499 2007      7      20    3.2  15.47      21      47
 138.569    37.448 2007      7      20    3.6  19.50      21      54
 138.589    37.568 2007      7      20    1.0  14.65      22       2
 138.618    37.480 2007      7      20    1.1  23.31      22       4
 138.511    37.397 2007      7      20    0.7  17.40      22      10
 138.594    37.538 2007      7      20    1.5  18.87      22      15
 138.630    37.376 2007      7      20    0.8  27.81      22      16
 138.563    37.513 2007      7      20    1.2  18.39      22      36
 138.553    37.507 2007      7      20    1.2  16.87      22      39
 138.567    37.581 2007      7      20    1.5  15.42      22      45
 138.469    37.359 2007      7      20    1.5  18.25      22      55
 138.360    37.528 2007      7      20    1.0  27.97      23       0
 138.482    37.467 2007      7      20    0.8  19.50      23       4
 138.615    37.424 2007      7      20    1.9  22.92      23       6
 138.371    37.374 2007      7      20    2.1  20.54      23      28
 138.370    37.373 2007      7      20    3.2  29.99      23      28
 138.484    37.370 2007      7      20    1.0  13.94      23      37
 138.537    37.401 2007      7      20    0.7  21.90      23      43
 138.742    37.498 2007      7      20    0.9  26.67      23      51
 138.603    37.547 2007      7      20    1.2  18.48      23      51
 138.376    37.367 2007      7      21    1.1  19.33       0       2
 138.361    37.382 2007      7      21    1.5  17.44       0       3
 138.567    37.517 2007      7      21    1.2  17.67       0      11
 138.627    37.540 2007      7      21    0.8  16.61       0      13
 138.633    37.567 2007      7      21    1.2  16.12       0      18
 138.582    37.485 2007      7      21    1.3  16.57       0      21
 138.366    37.385 2007      7      21    1.1  13.54       0      22
 138.587    37.478 2007      7      21    1.1  14.35       0      27
 138.363    37.380 2007      7      21    1.5  19.15       0      27
 138.754    37.514 2007      7      21    1.5  24.67       0      37
 138.573    37.437 2007      7      21    1.2  19.14       0      49
 138.371    37.383 2007      7      21    1.3  17.08       0      51
 138.370    37.372 2007      7      21    1.4  19.16       0      53
 138.371    37.377 2007      7      21    1.6  18.24       0      57
 138.372    37.382 2007      7      21    3.0  19.93       1       1
 138.495    37.370 2007      7      21    0.6  21.19       1       8
 138.486    37.376 2007      7      21    0.7  13.10       1      11
 138.544    37.400 2007      7      21    0.8  17.12       1      12
 138.513    37.409 2007      7      21    0.8  21.16       1      23
 139.520    38.363 2007      7      21    1.2  15.00       1      25
 138.514    37.448 2007      7      21    1.4  17.36       1      32
 139.670    38.094 2007      7      21    0.7  10.75       1      33
 138.595    37.593 2007      7      21    1.2  19.36       1      35
 138.447    37.413 2007      7      21    0.8  17.94       1      48
 138.547    37.398 2007      7      21    2.5  19.66       1      49
 138.579    38.074 2007      7      21    2.0  16.56       1      52
 138.539    37.497 2007      7      21    1.4  17.20       2       0
 138.580    37.506 2007      7      21    2.2  15.08       2       5
 138.635    37.498 2007      7      21    0.9  20.96       2      18
 138.586    37.450 2007      7      21    1.2  17.97       2      26
 138.514    37.478 2007      7      21    1.3  16.77       2      31
 138.594    37.521 2007      7      21    1.2  15.37       2      35
 138.604    37.586 2007      7      21    0.8  12.16       2      51
 138.438    37.393 2007      7      21    2.9  17.50       3       5
 138.575    37.445 2007      7      21    1.7  17.41       3       8
 138.577    37.539 2007      7      21    1.0  19.79       3      21
 138.495    37.404 2007      7      21    0.8  17.89       3      59
 138.553    37.416 2007      7      21    1.1  20.50       4       1
 138.386    37.369 2007      7      21    1.1  17.11       4      19
 138.371    37.382 2007      7      21    2.0  18.69       4      25
 138.371    37.395 2007      7      21    1.3  14.21       4      26
 139.335    36.688 2007      7      21    2.0   6.72       4      29
 138.581    37.439 2007      7      21    0.9  18.89       4      31
 138.535    37.437 2007      7      21    1.6  19.29       4      46
 138.534    37.493 2007      7      21    2.0  18.80       4      48
 138.545    37.447 2007      7      21    1.1  18.66       4      50
 139.337    36.690 2007      7      21    0.1   7.65       4      58
 139.443    37.388 2007      7      21    1.8   7.06       5      42
 138.572    37.477 2007      7      21    1.1  22.98       6      16
 138.522    37.384 2007      7      21    1.1  20.02       6      29
 138.548    37.540 2007      7      21    1.0  19.16       6      35
 138.573    37.403 2007      7      21    0.8  20.02       6      53
 138.536    37.390 2007      7      21    0.7  21.48       6      57
 138.583    37.477 2007      7      21    0.7  13.73       7       0
 137.190    37.569 2007      7      21    0.3   0.21       7      14
 138.721    37.547 2007      7      21    1.0  19.31       7      21
 138.492    37.328 2007      7      21    1.0  14.69       7      32
 138.528    37.498 2007      7      21    2.3  17.39       7      36
 138.966    37.346 2007      7      21    0.2   9.96       7      52
 139.343    37.032 2007      7      21    1.3   8.47       8      14
 138.504    37.421 2007      7      21    1.3  18.30       8      23
 138.595    37.501 2007      7      21    1.1  19.47       8      49
 138.548    37.411 2007      7      21    1.1  20.34       8      54
 138.508    37.435 2007      7      21    1.1  18.52       8      56
 138.569    37.520 2007      7      21    1.3  18.75       9       2
 138.553    37.363 2007      7      21    1.0  16.38       9       5
 138.547    37.410 2007      7      21    0.8  22.59       9       8
 138.484    37.395 2007      7      21    1.1  19.22       9      30
 138.637    37.573 2007      7      21    3.3  16.78       9      32
 138.521    37.406 2007      7      21    0.8  18.46       9      38
 138.619    37.501 2007      7      21    1.5  22.46       9      44
 138.519    37.403 2007      7      21    0.9  11.07       9      48
 138.632    37.667 2007      7      21    1.9  22.83       9      53
 138.595    37.529 2007      7      21    2.1  16.82      10       5
 138.557    37.577 2007      7      21    2.2  18.02      10      20
 138.776    37.543 2007      7      21    2.1  25.66      10      27
 138.566    37.513 2007      7      21    1.6  17.63      10      30
 138.474    37.618 2007      7      21    1.8  23.01      10      42
 138.560    37.414 2007      7      21    1.1  22.62      10      57
 138.431    36.946 2007      7      21    1.0   2.38      11       2
 138.433    36.950 2007      7      21    0.8   4.62      11      19
 138.492    37.353 2007      7      21    1.0  15.81      11      35
 138.362    37.373 2007      7      21    1.4  18.64      11      48
 138.366    37.380 2007      7      21    2.1  19.89      11      50
 138.369    37.377 2007      7      21    1.6  18.69      11      51
 138.368    37.378 2007      7      21    1.5  17.83      11      51
 138.712    37.546 2007      7      21    1.8  19.50      12       7
 138.373    37.381 2007      7      21    0.9  16.71      12      12
 138.790    37.144 2007      7      21    0.9  10.67      12      12
 139.340    36.685 2007      7      21    0.5   5.23      12      20
 138.544    37.424 2007      7      21    1.3  19.17      12      34
 138.876    37.386 2007      7      21    0.5  15.85      12      34
 138.535    37.425 2007      7      21    0.8  20.59      12      40
 138.521    37.413 2007      7      21    0.6  19.94      12      48
 138.762    37.536 2007      7      21    1.0  25.12      13      31
 138.560    37.496 2007      7      21    1.1  19.86      13      36
 138.528    37.429 2007      7      21    0.9  16.67      13      40
 138.466    37.414 2007      7      21    2.1  18.63      13      43
 138.545    37.515 2007      7      21    1.7  21.21      13      50
 138.514    37.388 2007      7      21    0.9  10.74      13      51
 138.757    37.511 2007      7      21    1.7  26.11      13      55
 138.743    37.513 2007      7      21    1.7  26.68      13      56
 138.690    37.517 2007      7      21    0.9  29.42      14       9
 138.467    37.442 2007      7      21    0.9  15.52      14      12
 138.528    37.378 2007      7      21    0.9  19.52      14      21
 138.748    37.508 2007      7      21    1.4  27.04      14      31
 138.603    37.386 2007      7      21    1.8  28.65      14      38
 138.523    37.413 2007      7      21    1.8  19.14      14      53
 138.748    37.523 2007      7      21    0.7  26.51      15      12
 138.515    37.389 2007      7      21    1.3  18.20      15      19
 138.618    37.500 2007      7      21    0.8  17.48      15      42
 138.468    37.356 2007      7      21    1.0  19.17      15      51
 138.444    37.453 2007      7      21    1.6  16.58      16      25
 138.530    37.403 2007      7      21    1.7  18.77      16      29
 138.609    37.557 2007      7      21    2.2  17.83      16      30
 138.596    37.529 2007      7      21    1.1  14.94      16      33
 138.544    37.501 2007      7      21    1.2  17.68      16      35
 138.551    37.418 2007      7      21    0.7  13.66      16      42
 138.480    37.401 2007      7      21    1.0  10.00      16      44
 138.558    37.437 2007      7      21    0.7   9.28      16      58
 138.437    37.355 2007      7      21    1.1  15.47      17      11
 138.584    37.444 2007      7      21    1.1  18.69      17      45
 138.565    37.523 2007      7      21    0.7  17.89      17      46
 138.637    37.566 2007      7      21    1.7  16.70      17      54
 139.341    37.037 2007      7      21   -0.1   8.41      17      55
 138.591    37.542 2007      7      21    0.9  15.27      18       6
 138.523    37.484 2007      7      21    1.9  18.16      18      10
 138.511    37.394 2007      7      21    0.8  19.92      18      17
 138.538    37.480 2007      7      21    1.0  18.03      18      35
 138.626    37.553 2007      7      21    0.8  17.72      18      48
 137.071    36.595 2007      7      21    1.3  10.26      18      51
 138.550    37.431 2007      7      21    1.7  18.86      18      51
 138.795    37.504 2007      7      21    1.0  26.70      19       1
 138.560    37.426 2007      7      21    0.7  17.29      19      14
 138.553    37.441 2007      7      21    1.2  20.50      19      21
 138.556    37.422 2007      7      21    0.8  20.63      19      44
 137.399    37.697 2007      7      21    0.8  13.29      19      48
 139.002    37.276 2007      7      21    0.5  11.40      20      39
 138.578    37.511 2007      7      21    1.4  17.28      20      52
 138.454    37.415 2007      7      21    1.6  17.14      20      58
 138.630    37.543 2007      7      21    1.1  17.23      21      15
 139.334    36.688 2007      7      21    1.0   6.84      21      47
 138.582    37.486 2007      7      21    0.9  16.87      21      48
 138.461    37.442 2007      7      21    0.8  17.12      21      56
 138.555    37.489 2007      7      21    0.7  17.85      22       9
 138.516    37.387 2007      7      21    1.5  19.39      22      33
 138.613    37.524 2007      7      21    1.2  15.69      22      48
 138.573    37.507 2007      7      21    1.4  16.86      22      55
 138.605    37.501 2007      7      21    0.8  22.03      23       1
 138.446    37.402 2007      7      21    0.7  15.52      23       5
 138.545    37.501 2007      7      21    1.4  16.38      23       6
 138.517    37.346 2007      7      21    1.1  13.14      23       9
 138.566    37.418 2007      7      21    0.9  19.65      23      32
 138.450    37.467 2007      7      21    1.1  20.87      23      33
 138.533    37.429 2007      7      21    1.0  21.03      23      58
 