# Data from the high resolution GMT shoreline, borders, and rivers database
> Shore Bin # 7879, Level 1
278.407	3.99084
278.4	3.9884
278.402	3.98572
278.397	3.98221
278.4	3.98059
278.408	3.98309
278.409	3.99084
278.407	3.99084
> Shore Bin # 7879, Level 1
278.408	3.99405
278.406	3.99509
278.407	3.9924
278.408	3.99405
> Shore Bin # 7880, Level 1
282	2.65638
281.989	2.65583
281.986	2.65241
281.983	2.61994
281.962	2.59394
281.953	2.57871
281.953	2.57227
281.958	2.56571
281.981	2.55644
281.995	2.53312
281.989	2.5348
281.979	2.55064
281.971	2.55732
281.954	2.5557
281.947	2.55912
281.935	2.55323
281.917	2.54975
281.915	2.54499
281.919	2.52729
281.924	2.52482
281.914	2.51829
281.911	2.50645
281.914	2.50071
281.927	2.495
281.913	2.49821
281.906	2.51164
281.895	2.50568
281.889	2.4983
281.888	2.48936
281.897	2.48002
281.898	2.47068
281.881	2.49085
281.861	2.49534
281.846	2.51493
281.837	2.5124
281.831	2.51402
281.818	2.54246
281.812	2.54337
281.805	2.53751
281.797	2.54163
281.792	2.5409
281.787	2.5333
281.782	2.51402
281.782	2.52879
281.777	2.53733
281.782	2.54914
281.77	2.55567
281.765	2.56257
281.761	2.56257
281.737	2.53968
281.741	2.52729
281.735	2.52567
281.733	2.52146
281.73	2.52326
281.727	2.52067
281.728	2.51231
281.722	2.5149
281.72	2.50895
281.714	2.50648
281.716	2.50315
281.728	2.49921
281.729	2.4874
281.723	2.49085
281.718	2.49918
281.711	2.49488
281.698	2.49744
281.695	2.49384
281.695	2.48154
281.683	2.46247
281.67	2.45899
281.681	2.44135
281.673	2.40967
281.683	2.38505
281.681	2.37583
281.675	2.37681
281.667	2.3848
281.671	2.38978
281.671	2.3949
281.666	2.40317
281.666	2.40885
281.673	2.42502
281.668	2.43644
281.653	2.44459
281.65	2.45823
281.637	2.46574
281.623	2.4798
281.608	2.48649
281.585	2.51237
281.571	2.51496
281.55	2.51078
281.545	2.50642
281.543	2.49729
281.548	2.48145
281.547	2.45383
281.544	2.44752
281.53	2.43409
281.503	2.42902
281.478	2.43751
281.466	2.42823
281.455	2.38837
281.467	2.36518
281.473	2.36411
281.483	2.36915
281.489	2.36674
281.467	2.35608
281.462	2.34095
281.458	2.33594
281.456	2.33729
281.463	2.35068
281.463	2.36225
281.458	2.36893
281.455	2.38038
281.448	2.38566
281.441	2.41245
281.441	2.42081
281.447	2.42985
281.453	2.44651
281.453	2.45167
281.446	2.45075
281.437	2.44154
281.433	2.42823
281.414	2.39451
281.418	2.37409
281.407	2.36085
281.398	2.33417
281.399	2.35712
281.397	2.3584
281.393	2.35489
281.388	2.34147
281.389	2.33396
281.374	2.31476
281.36	2.27826
281.357	2.2631
281.365	2.25501
281.362	2.25071
281.353	2.24918
281.346	2.24405
281.337	2.22492
281.345	2.21573
281.365	2.21576
281.365	2.19782
281.37	2.18601
281.373	2.18347
281.385	2.18424
281.385	2.18091
281.374	2.17923
281.366	2.18326
281.361	2.19406
281.365	2.20591
281.363	2.21167
281.332	2.21265
281.327	2.20914
281.323	2.19083
281.315	2.17914
281.314	2.16907
281.316	2.15918
281.327	2.17011
281.336	2.16254
281.35	2.16837
281.349	2.16168
281.327	2.15558
281.334	2.13571
281.34	2.12992
281.345	2.13187
281.355	2.15509
281.362	2.14481
281.36	2.13309
281.348	2.12824
281.344	2.12308
281.345	2.1022
281.355	2.07626
281.361	2.06638
281.349	2.06244
281.353	2.04733
281.353	2.02402
281.343	2.00409
281.344	2
> Shore Bin # 7880, Level 1
281.779	2.57395
281.807	2.56306
281.813	2.5547
281.814	2.54884
281.826	2.54481
281.824	2.53889
281.833	2.53068
281.832	2.52323
281.836	2.51902
281.842	2.51899
281.847	2.52335
281.859	2.50394
281.865	2.49824
281.876	2.49409
281.882	2.49332
281.885	2.49589
281.891	2.51569
281.909	2.52821
281.9	2.5706
281.897	2.57484
281.9	2.5817
281.899	2.59306
281.893	2.59916
281.891	2.60829
281.884	2.60996
281.88	2.60743
281.876	2.61646
281.876	2.64555
281.873	2.64997
281.855	2.64274
281.85	2.60322
281.847	2.60649
281.852	2.64503
281.856	2.65293
281.865	2.66017
281.865	2.66651
281.86	2.66923
281.86	2.6775
281.869	2.67323
281.867	2.67994
281.857	2.68669
281.833	2.69172
281.834	2.68736
281.824	2.68492
281.815	2.67836
281.788	2.67332
281.786	2.6706
281.787	2.66319
281.799	2.6482
281.802	2.64744
281.808	2.65565
281.802	2.64393
281.807	2.61982
281.798	2.62504
281.786	2.61741
281.782	2.60819
281.782	2.58323
281.779	2.57578
281.779	2.57395
> Shore Bin # 7880, Level 1
281.52	2.52488
281.524	2.52317
281.522	2.51731
281.531	2.50822
281.534	2.50828
281.552	2.52586
281.562	2.52406
281.573	2.51652
281.577	2.51756
281.581	2.52351
281.582	2.53855
281.588	2.55332
281.602	2.56226
281.601	2.56645
281.595	2.57246
281.589	2.57331
281.576	2.56229
281.551	2.56321
281.531	2.54392
281.528	2.53324
281.52	2.52729
281.52	2.52488
> Shore Bin # 7880, Level 1
281.688	2.64823
281.692	2.63392
281.702	2.62071
281.705	2.6251
281.716	2.62412
281.72	2.62916
281.73	2.63096
281.74	2.62153
281.757	2.64732
281.756	2.64991
281.751	2.65003
281.756	2.6533
281.752	2.66249
281.758	2.65663
281.76	2.66374
281.756	2.67085
281.75	2.67076
281.731	2.66075
281.711	2.65742
281.694	2.65837
281.688	2.65318
281.688	2.64823
> Shore Bin # 7880, Level 1
281.942	2.61149
281.947	2.60328
281.953	2.60249
281.977	2.61836
281.983	2.62678
281.984	2.64588
281.977	2.64842
281.977	2.65089
281.983	2.65757
281.976	2.65913
281.969	2.65577
281.954	2.63975
281.956	2.63572
281.954	2.63667
281.948	2.62556
281.95	2.6233
281.952	2.6258
281.951	2.62068
281.947	2.62251
281.942	2.6157
281.942	2.61149
> Shore Bin # 7880, Level 1
281.889	2.61909
281.899	2.61234
281.898	2.60587
281.904	2.59736
281.927	2.59846
281.931	2.6024
281.929	2.62004
281.922	2.61997
281.927	2.62483
281.926	2.62815
281.914	2.6399
281.918	2.64253
281.905	2.65165
281.897	2.65174
281.893	2.64845
281.896	2.63816
281.889	2.6208
281.889	2.61909
> Shore Bin # 7880, Level 1
281.459	2.45304
281.465	2.44562
281.476	2.44837
281.469	2.44245
281.472	2.43983
281.518	2.43662
281.528	2.44147
281.537	2.45408
281.539	2.47297
281.529	2.49165
281.528	2.50553
281.522	2.50986
281.516	2.50993
281.489	2.50068
281.478	2.48814
281.473	2.47501
281.459	2.45814
281.459	2.45304
> Shore Bin # 7880, Level 1
281.589	2.52631
281.587	2.5149
281.598	2.50233
281.602	2.50227
281.608	2.5091
281.616	2.50892
281.619	2.51154
281.621	2.51814
281.617	2.52567
281.618	2.53303
281.612	2.54228
281.609	2.55564
281.597	2.55055
281.587	2.54142
281.585	2.53407
281.588	2.52729
281.589	2.52631
> Shore Bin # 7880, Level 1
281.606	2.57322
281.614	2.54557
281.621	2.5341
281.632	2.53162
281.639	2.53663
281.645	2.534
281.654	2.53581
281.684	2.58512
281.681	2.60475
281.672	2.61561
281.673	2.62318
281.659	2.624
281.641	2.61384
281.609	2.58701
281.606	2.57963
281.606	2.57322
> Shore Bin # 7880, Level 1
281.612	2.61146
281.615	2.6074
281.622	2.60578
281.638	2.61338
281.648	2.62339
281.663	2.62928
281.669	2.63597
281.673	2.64518
281.672	2.65003
281.665	2.65339
281.652	2.64482
281.637	2.6399
281.623	2.63062
281.612	2.61549
281.612	2.61146
> Shore Bin # 7880, Level 1
281.733	2.5731
281.739	2.55406
281.743	2.55235
281.751	2.55714
281.756	2.56751
281.763	2.56745
281.77	2.57343
281.767	2.58183
281.748	2.59501
281.744	2.59321
281.744	2.58997
281.736	2.58997
281.733	2.58225
281.733	2.5731
> Shore Bin # 7880, Level 1
281.672	2.52241
281.686	2.50394
281.706	2.50321
281.71	2.50718
281.71	2.51652
281.706	2.51832
281.703	2.51575
281.7	2.52244
281.703	2.54154
281.696	2.53727
281.69	2.53913
281.675	2.534
281.672	2.52314
281.672	2.52241
> Shore Bin # 7880, Level 1
281.667	2.48154
281.67	2.47483
281.673	2.47568
281.671	2.46244
281.675	2.46082
281.68	2.46339
281.686	2.47361
281.685	2.49586
281.683	2.50404
281.676	2.50816
281.67	2.50471
281.673	2.48743
281.667	2.4831
281.667	2.48154
> Shore Bin # 7880, Level 1
281.605	2.49488
281.614	2.49079
281.62	2.49574
281.64	2.47068
281.653	2.46235
281.656	2.46384
281.658	2.46821
281.657	2.48002
281.637	2.49177
281.623	2.50657
281.612	2.50565
281.605	2.49735
281.605	2.49488
> Shore Bin # 7880, Level 1
281.822	2.998
281.807	2.98082
281.8	2.96156
281.8	2.94832
281.794	2.94075
281.797	2.93651
281.821	2.95479
281.826	2.9648
281.833	3.00566
281.827	3.00563
281.824	2.99998
281.822	2.998
> Shore Bin # 7880, Level 1
281.627	2.51325
281.647	2.48899
281.654	2.49165
281.658	2.50809
281.652	2.50828
281.653	2.5156
281.651	2.52152
281.657	2.52665
281.648	2.52992
281.636	2.52827
281.627	2.5174
281.627	2.51325
> Shore Bin # 7880, Level 1
281.704	2.61729
281.712	2.60722
281.726	2.59568
281.734	2.59318
281.738	2.59504
281.723	2.62827
281.72	2.62745
281.718	2.6233
281.707	2.62397
281.704	2.62162
281.704	2.61729
> Shore Bin # 7880, Level 1
281.689	2.58744
281.695	2.5756
281.705	2.57813
281.708	2.58305
281.708	2.58976
281.701	2.60975
281.683	2.62339
281.682	2.61982
281.691	2.60719
281.689	2.593
281.689	2.58744
> Shore Bin # 7880, Level 1
281.575	2.59998
281.581	2.58808
281.592	2.58817
281.597	2.5857
281.604	2.58647
281.612	2.59477
281.61	2.60633
281.605	2.61323
281.594	2.61234
281.579	2.60484
281.575	2.59998
> Shore Bin # 7880, Level 1
281.783	2.55732
281.792	2.55479
281.792	2.54807
281.8	2.54911
281.804	2.54487
281.807	2.54575
281.807	2.55305
281.8	2.56236
281.788	2.56416
281.783	2.56062
281.783	2.55732
> Shore Bin # 7880, Level 1
281.567	2.59226
281.561	2.58888
281.557	2.57694
281.558	2.56959
281.565	2.56571
281.583	2.57166
281.588	2.57676
281.586	2.58329
281.568	2.59162
281.567	2.59226
> Shore Bin # 7880, Level 1
281.697	2.56321
281.707	2.54914
281.725	2.54249
281.734	2.54575
281.734	2.5564
281.723	2.56748
281.712	2.56477
281.699	2.56992
281.697	2.56648
281.697	2.56321
> Shore Bin # 7880, Level 1
281.447	2.40311
281.452	2.39326
281.452	2.41053
281.457	2.42255
281.455	2.42835
281.45	2.42475
281.447	2.41477
281.447	2.40311
> Shore Bin # 7880, Level 1
281.935	2.58064
281.939	2.57661
281.945	2.57575
281.956	2.59419
281.953	2.59678
281.943	2.59751
281.935	2.58396
281.935	2.58064
> Shore Bin # 7880, Level 1
281.707	2.53645
281.721	2.52735
281.731	2.52915
281.731	2.53407
281.725	2.54084
281.71	2.54243
281.707	2.53983
281.707	2.53645
> Shore Bin # 7880, Level 1
281.752	2.60148
281.76	2.59751
281.766	2.60249
281.772	2.6183
281.768	2.62907
281.76	2.62919
281.752	2.60969
281.752	2.60148
> Shore Bin # 7880, Level 1
281.91	2.56394
281.913	2.56226
281.918	2.57093
281.926	2.57682
281.924	2.5825
281.908	2.57725
281.91	2.56556
281.91	2.56394
> Shore Bin # 7880, Level 1
281.705	2.52589
281.711	2.52406
281.714	2.51734
281.722	2.51926
281.717	2.52753
281.712	2.53001
281.705	2.52808
281.705	2.52589
> Shore Bin # 7880, Level 1
281.917	2.55567
281.931	2.56086
281.939	2.56071
281.941	2.57252
281.936	2.57325
281.917	2.55888
281.917	2.55567
> Shore Bin # 7880, Level 1
281.669	2.44327
281.677	2.43326
281.679	2.43851
281.677	2.44346
281.674	2.44764
281.669	2.44404
281.669	2.44327
> Shore Bin # 7880, Level 1
281.909	2.58735
281.915	2.585
281.929	2.59171
281.923	2.59675
281.911	2.5966
281.909	2.59312
281.909	2.58735
> Shore Bin # 7880, Level 1
281.677	2.54557
281.68	2.54231
281.683	2.54328
281.69	2.56751
281.682	2.56413
281.677	2.5557
281.677	2.54557
> Shore Bin # 7880, Level 1
281.398	2.37406
281.401	2.37229
281.404	2.37494
281.41	2.38734
281.405	2.3873
281.398	2.37885
281.398	2.37406
> Shore Bin # 7880, Level 1
281.659	2.45557
281.662	2.4499
281.666	2.45447
281.665	2.46082
281.662	2.46329
281.659	2.46149
281.659	2.45557
> Shore Bin # 7880, Level 1
281.712	2.5799
281.714	2.5716
281.718	2.57597
281.717	2.58665
281.715	2.5882
281.712	2.5839
281.712	2.5799
> Shore Bin # 7880, Level 1
281.533	2.49473
281.534	2.48814
281.539	2.48331
281.541	2.4867
281.537	2.50086
281.533	2.50074
281.533	2.49473
> Shore Bin # 7880, Level 1
281.742	2.61906
281.745	2.61732
281.757	2.62254
281.759	2.63096
281.756	2.64262
281.743	2.62223
281.742	2.61906
> Shore Bin # 7880, Level 1
281.407	2.37076
281.409	2.36985
281.412	2.37424
281.413	2.3834
281.41	2.38251
281.407	2.37391
281.407	2.37076
> Shore Bin # 7880, Level 1
281.782	2.53809
281.788	2.53828
281.789	2.54588
281.786	2.54667
281.782	2.54151
281.782	2.53809
> Shore Bin # 7880, Level 1
281.55	2.51984
281.56	2.51402
281.564	2.51585
281.554	2.52329
281.55	2.52134
281.55	2.51984
> Shore Bin # 7880, Level 1
281.779	2.93993
281.784	2.93657
281.792	2.94505
281.786	2.94746
281.779	2.9417
281.779	2.93993
> Shore Bin # 7880, Level 1
281.665	2.53635
281.669	2.53318
281.673	2.53861
281.672	2.55332
281.665	2.54472
281.665	2.53635
> Shore Bin # 7880, Level 1
281.718	2.58314
281.721	2.57826
281.725	2.58009
281.724	2.58503
281.717	2.589
281.718	2.58314
> Shore Bin # 7880, Level 1
281.769	2.56495
281.774	2.56071
281.778	2.56678
281.772	2.5684
281.769	2.56565
281.769	2.56495
> Shore Bin # 7880, Level 1
281.948	2.56391
281.951	2.56065
281.955	2.56263
281.952	2.57188
281.947	2.5706
281.948	2.56391
> Shore Bin # 7880, Level 1
281.662	2.5124
281.666	2.50999
281.668	2.51347
281.666	2.51914
281.662	2.51826
281.662	2.5124
> Shore Bin # 7880, Level 1
281.896	2.6533
281.898	2.65245
281.902	2.65815
281.899	2.66007
281.896	2.6548
281.896	2.6533
> Shore Bin # 7880, Level 1
281.543	2.51072
281.546	2.50986
281.55	2.51585
281.545	2.51652
281.542	2.51313
281.543	2.51072
> Shore Bin # 7880, Level 1
281.372	2
281.381	2.0108
281.382	2.026
281.412	2.01236
281.418	2
> Shore Bin # 7881, Level 1
282.775	4
282.774	3.99902
282.768	3.99921
282.767	3.99414
282.76	3.99579
282.757	3.98904
282.752	3.98929
282.751	3.98315
282.753	3.97974
282.757	3.98257
282.762	3.98001
282.764	3.9834
282.766	3.97583
282.769	3.97394
282.775	3.98035
282.775	3.98834
282.777	3.98648
282.784	3.99005
282.788	3.99634
282.792	3.991
282.796	3.99176
282.791	3.98514
282.787	3.98941
282.785	3.98196
282.788	3.97882
282.793	3.97986
282.802	3.97574
282.806	3.97058
282.796	3.97137
282.797	3.95261
282.794	3.95236
282.794	3.97394
282.791	3.97757
282.78	3.97763
282.774	3.96844
282.761	3.96439
282.759	3.96072
282.756	3.96368
282.76	3.9667
282.765	3.96603
282.768	3.97015
282.763	3.97165
282.76	3.97678
282.753	3.97763
282.745	3.9675
282.748	3.9584
282.741	3.96002
282.732	3.94589
282.738	3.9632
282.736	3.96432
282.731	3.96075
282.731	3.96329
282.739	3.966
282.736	3.97079
282.745	3.97256
282.747	3.97641
282.742	3.98639
282.731	3.99008
282.726	3.98584
282.725	3.98013
282.722	3.98166
282.719	3.97754
282.715	3.9827
282.712	3.98169
282.711	3.97302
282.704	3.96509
282.706	3.9606
282.714	3.96493
282.713	3.95993
282.705	3.95758
282.709	3.944
282.705	3.94913
282.699	3.94345
282.703	3.95328
282.696	3.95428
282.703	3.95877
282.701	3.96158
282.685	3.95505
282.688	3.93396
282.681	3.9281
282.683	3.90603
282.688	3.90832
282.69	3.91598
282.69	3.90982
282.694	3.91159
282.701	3.90161
282.704	3.90597
282.71	3.89978
282.718	3.89844
282.721	3.90161
282.716	3.9144
282.719	3.91421
282.722	3.91321
282.719	3.91067
282.721	3.90475
282.724	3.90338
282.726	3.90591
282.724	3.90161
282.73	3.90167
282.724	3.89999
282.727	3.89496
282.722	3.89334
282.727	3.88907
282.72	3.88663
282.722	3.89166
282.714	3.89404
282.71	3.8898
282.708	3.8786
282.703	3.88101
282.697	3.87832
282.7	3.866
282.711	3.8583
282.712	3.85245
282.715	3.85422
282.716	3.84808
282.721	3.8399
282.727	3.84179
282.728	3.8374
282.732	3.8399
282.739	3.83316
282.74	3.83758
282.742	3.83758
282.751	3.82968
282.764	3.83435
282.774	3.82986
282.78	3.84146
282.782	3.83569
282.794	3.83487
282.796	3.83825
282.802	3.8392
282.818	3.83316
282.823	3.84259
282.819	3.84738
282.835	3.84759
282.839	3.85495
282.845	3.85486
282.854	3.86017
282.868	3.875
282.874	3.87243
282.88	3.87744
282.888	3.8757
282.898	3.90155
282.902	3.90155
282.905	3.89633
282.908	3.89837
282.905	3.90295
282.907	3.90524
282.903	3.90921
282.9	3.90735
282.898	3.9093
282.895	3.90567
282.896	3.91101
282.902	3.9107
282.899	3.91803
282.883	3.92758
282.881	3.92258
282.874	3.91943
282.869	3.90826
282.869	3.91632
282.874	3.92251
282.879	3.92428
282.881	3.936
282.883	3.93335
282.882	3.93021
282.885	3.92828
282.891	3.9292
282.89	3.93414
282.906	3.93332
282.909	3.92822
282.913	3.93085
282.909	3.92728
282.904	3.93176
282.898	3.92984
282.893	3.93252
282.892	3.92834
282.895	3.92218
282.905	3.9191
282.908	3.91247
282.913	3.91766
282.917	3.91583
282.918	3.91153
282.924	3.9147
282.928	3.91305
282.914	3.91058
282.918	3.90488
282.934	3.90735
282.939	3.90411
282.945	3.91006
282.944	3.91421
282.951	3.90896
282.955	3.91135
282.961	3.90997
282.963	3.91348
282.969	3.91153
282.977	3.91946
282.97	3.90732
282.964	3.90912
282.965	3.90518
282.958	3.90674
282.954	3.90423
282.956	3.90256
282.952	3.90329
282.95	3.89926
282.963	3.89328
282.97	3.90005
282.969	3.89566
282.977	3.89697
282.968	3.89184
282.977	3.88922
282.973	3.8876
282.967	3.89001
282.964	3.88415
282.96	3.8884
282.957	3.88675
282.954	3.89502
282.951	3.89273
282.948	3.89676
282.942	3.89468
282.946	3.88452
282.957	3.87982
282.968	3.86551
282.949	3.88214
282.947	3.87073
282.949	3.86883
282.945	3.86996
282.94	3.8659
282.938	3.85998
282.93	3.86667
282.928	3.86151
282.919	3.86429
282.91	3.86242
282.902	3.85489
282.903	3.84982
282.909	3.84665
282.909	3.84244
282.899	3.85309
282.894	3.85238
282.892	3.8439
282.887	3.83682
282.888	3.8266
282.9	3.81894
282.904	3.82245
282.912	3.82156
282.913	3.81961
282.904	3.82165
282.902	3.81949
282.907	3.81711
282.902	3.81424
282.907	3.81241
282.902	3.81033
282.902	3.81463
282.898	3.81842
282.893	3.81219
282.896	3.81842
282.885	3.82339
282.874	3.82144
282.868	3.81592
282.87	3.80432
282.876	3.79989
282.89	3.79974
282.898	3.78769
282.887	3.79739
282.87	3.79831
282.861	3.81393
282.853	3.81335
282.855	3.81054
282.854	3.79834
282.858	3.79266
282.878	3.79345
282.884	3.78668
282.877	3.79254
282.866	3.79083
282.864	3.78906
282.866	3.78399
282.874	3.7752
282.862	3.78421
282.862	3.78015
282.857	3.77819
282.861	3.77493
282.856	3.77246
282.866	3.7673
282.867	3.76236
282.864	3.76504
282.857	3.76355
282.86	3.7565
282.876	3.75521
282.865	3.75354
282.856	3.75576
282.855	3.75253
282.847	3.75476
282.837	3.76275
282.822	3.751
282.827	3.74313
282.833	3.74493
282.832	3.74133
282.846	3.72995
282.855	3.73327
282.848	3.72833
282.852	3.72149
282.866	3.73504
282.874	3.73385
282.869	3.72409
282.877	3.72418
282.868	3.72235
282.862	3.72561
282.857	3.72009
282.851	3.71911
282.839	3.73449
282.816	3.74401
282.814	3.75128
282.81	3.75592
282.805	3.75412
282.802	3.7272
282.806	3.68499
282.802	3.67651
282.795	3.68008
282.791	3.67883
282.795	3.67166
282.806	3.6716
282.818	3.68475
282.82	3.6932
282.817	3.70678
282.82	3.70163
282.825	3.70083
282.833	3.70666
282.854	3.71411
282.861	3.7142
282.876	3.70745
282.889	3.71334
282.891	3.71029
282.882	3.70913
282.877	3.70642
282.877	3.70318
282.855	3.71347
282.856	3.71002
282.85	3.7091
282.843	3.70236
282.849	3.69732
282.866	3.70236
282.866	3.69772
282.874	3.69345
282.878	3.69506
282.875	3.69241
282.864	3.69512
282.861	3.69915
282.851	3.69415
282.835	3.69924
282.827	3.69332
282.825	3.66403
282.828	3.65371
282.837	3.65005
282.84	3.65582
282.842	3.64846
282.847	3.64843
282.858	3.66259
282.85	3.64498
282.855	3.64233
282.865	3.64349
282.868	3.63717
282.864	3.64251
282.849	3.64169
282.849	3.63906
282.84	3.64605
282.831	3.64657
282.796	3.65994
282.793	3.6499
282.799	3.65432
282.801	3.64657
282.798	3.63485
282.81	3.63919
282.824	3.62661
282.809	3.63754
282.802	3.63247
282.796	3.61065
282.805	3.60067
282.792	3.60763
282.784	3.59976
282.782	3.59243
282.768	3.58175
282.777	3.5743
282.783	3.57754
282.784	3.57095
282.771	3.57418
282.761	3.56405
282.761	3.56674
282.767	3.57452
282.765	3.58053
282.741	3.5816
282.732	3.57742
282.722	3.56915
282.73	3.56133
282.722	3.56173
282.711	3.55474
282.712	3.55062
282.719	3.54501
282.742	3.54299
282.744	3.53335
282.752	3.52999
282.754	3.52074
282.763	3.52346
282.772	3.5212
282.773	3.50323
282.777	3.49609
282.774	3.49163
282.77	3.49483
282.762	3.52157
282.755	3.51971
282.747	3.51077
282.741	3.5108
282.733	3.51693
282.728	3.52758
282.71	3.52407
282.701	3.50823
282.71	3.49166
282.719	3.50076
282.726	3.50121
282.714	3.48977
282.717	3.47488
282.722	3.47405
282.717	3.47176
282.712	3.48345
282.706	3.48177
282.705	3.4537
282.695	3.44335
282.693	3.43676
282.691	3.43655
282.692	3.44414
282.701	3.45422
282.701	3.49331
282.698	3.49963
282.682	3.50842
282.669	3.50253
282.682	3.51397
282.68	3.52184
282.666	3.51342
282.653	3.49157
282.638	3.47851
282.639	3.46972
282.654	3.46328
282.657	3.45577
282.661	3.45785
282.663	3.46755
282.661	3.45351
282.673	3.45269
282.676	3.45931
282.677	3.45403
282.673	3.45013
282.662	3.45077
282.658	3.44778
282.664	3.42821
282.659	3.41253
282.665	3.40618
282.666	3.39861
282.662	3.39849
282.658	3.41152
282.663	3.42721
282.662	3.42931
282.658	3.42861
282.644	3.41067
282.645	3.40743
282.65	3.40966
282.649	3.40655
282.639	3.40154
282.637	3.38528
282.646	3.36593
282.642	3.36159
282.635	3.39135
282.636	3.40545
282.643	3.41738
282.64	3.43178
282.634	3.43276
282.624	3.4197
282.634	3.43487
282.645	3.43822
282.642	3.44677
282.637	3.44579
282.624	3.43191
282.612	3.40649
282.608	3.38665
282.589	3.36577
282.589	3.36147
282.594	3.35824
282.61	3.36333
282.591	3.35491
282.582	3.3424
282.584	3.33999
282.604	3.34215
282.604	3.33739
282.595	3.33095
282.603	3.32671
282.609	3.30745
282.605	3.30492
282.605	3.29567
282.597	3.29107
282.591	3.27077
282.586	3.27077
282.582	3.26329
282.587	3.25997
282.584	3.25148
282.61	3.22524
282.604	3.21645
282.592	3.22017
282.582	3.25228
282.57	3.25832
282.57	3.25212
282.552	3.24663
282.548	3.23766
282.537	3.24086
282.533	3.23952
282.54	3.22972
282.536	3.22676
282.537	3.21993
282.534	3.21584
282.525	3.21151
282.52	3.21166
282.511	3.21831
282.499	3.21843
282.493	3.2148
282.505	3.2032
282.523	3.19805
282.532	3.19237
282.531	3.18718
282.521	3.17913
282.522	3.1631
282.517	3.15743
282.513	3.14235
282.5	3.1378
282.504	3.12892
282.507	3.12972
282.506	3.13591
282.509	3.12987
282.515	3.12813
282.512	3.12502
282.516	3.11879
282.529	3.11238
282.537	3.09993
282.532	3.10027
282.526	3.11159
282.512	3.11507
282.492	3.14272
282.479	3.14751
282.472	3.14659
282.474	3.14073
282.471	3.13735
282.475	3.13307
282.485	3.13832
282.487	3.12728
282.482	3.12319
282.484	3.1191
282.482	3.11199
282.474	3.11168
282.471	3.10268
282.458	3.09816
282.457	3.08324
282.462	3.08077
282.465	3.07045
282.473	3.06123
282.472	3.05745
282.48	3.04402
282.478	3.03655
282.478	3.04253
282.469	3.05434
282.471	3.06133
282.464	3.06673
282.462	3.07424
282.453	3.0656
282.454	3.06154
282.45	3.06423
282.444	3.06197
282.454	3.05544
282.456	3.04994
282.441	3.05245
282.433	3.04057
282.418	3.04814
282.418	3.05159
282.414	3.05333
282.413	3.04314
282.4	3.03575
282.39	3.0403
282.383	3.04924
282.375	3.04338
282.365	3.03108
282.36	3.02907
282.338	3.03325
282.331	3.04741
282.338	3.05727
282.334	3.0591
282.328	3.0533
282.323	3.04237
282.321	3.02419
282.312	3.01494
282.311	3.00307
282.321	3.01488
282.321	3.01155
282.315	3.00163
282.306	2.99675
282.292	2.97594
282.291	2.96916
282.298	2.96428
282.3	2.97432
282.321	2.99751
282.321	2.99327
282.326	2.99507
282.327	2.98833
282.34	2.98494
282.377	2.98485
282.377	2.98259
282.367	2.98009
282.337	2.98161
282.329	2.97166
282.327	2.96526
282.352	2.93748
282.367	2.91167
282.375	2.90565
282.369	2.90599
282.355	2.92045
282.353	2.92924
282.345	2.93269
282.327	2.93678
282.328	2.91991
282.323	2.93684
282.317	2.93999
282.311	2.93504
282.309	2.90919
282.319	2.8983
282.324	2.90034
282.318	2.89595
282.314	2.90343
282.305	2.90596
282.299	2.89323
282.319	2.86589
282.331	2.86854
282.351	2.88197
282.343	2.88865
282.367	2.88252
282.38	2.87169
282.379	2.85902
282.387	2.85338
282.38	2.85429
282.376	2.8593
282.374	2.86949
282.357	2.87935
282.343	2.8744
282.333	2.85509
282.329	2.85322
282.322	2.85426
282.312	2.86433
282.308	2.86516
282.298	2.85734
282.291	2.84511
282.282	2.83604
282.279	2.8242
282.283	2.82173
282.301	2.82264
282.315	2.82853
282.298	2.81764
282.29	2.81852
282.288	2.81584
282.294	2.81074
282.288	2.81007
282.284	2.81181
282.287	2.81501
282.279	2.82011
282.273	2.82841
282.267	2.82853
282.257	2.82243
282.236	2.80171
282.236	2.79673
282.239	2.79167
282.244	2.79347
282.254	2.78996
282.258	2.79258
282.261	2.78999
282.263	2.79161
282.272	2.78169
282.283	2.79097
282.307	2.79173
282.312	2.78041
282.318	2.78004
282.308	2.77668
282.297	2.78746
282.287	2.78926
282.283	2.7816
282.288	2.76921
282.272	2.76924
282.26	2.77928
282.254	2.77903
282.246	2.76844
282.252	2.75911
282.241	2.75419
282.24	2.75068
282.258	2.74101
282.246	2.74675
282.237	2.74748
282.232	2.74418
282.231	2.73915
282.227	2.73915
282.215	2.75343
282.201	2.75337
282.192	2.74504
282.209	2.73497
282.218	2.73497
282.227	2.72999
282.227	2.72514
282.221	2.73265
282.212	2.73332
282.206	2.72734
282.202	2.71073
282.212	2.69657
282.219	2.69587
282.235	2.70838
282.254	2.70948
282.254	2.70695
282.251	2.709
282.234	2.70661
282.225	2.69432
282.212	2.69175
282.213	2.68162
282.209	2.66746
282.21	2.6591
282.217	2.65678
282.229	2.66426
282.232	2.66343
282.206	2.64582
282.194	2.64375
282.198	2.6475
282.206	2.64836
282.207	2.65135
282.197	2.68397
282.193	2.68598
282.187	2.6808
282.191	2.67332
282.182	2.67747
282.191	2.69093
282.189	2.69642
282.166	2.70835
282.155	2.70832
282.149	2.69487
282.157	2.69261
282.161	2.68501
282.171	2.68507
282.166	2.68086
282.158	2.68324
282.157	2.68998
282.15	2.68995
282.143	2.69407
282.139	2.70332
282.124	2.70497
282.115	2.69401
282.117	2.68318
282.122	2.67588
282.134	2.66902
282.146	2.65382
282.144	2.65306
282.13	2.6699
282.114	2.67662
282.108	2.68824
282.09	2.68241
282.085	2.67823
282.082	2.66993
282.087	2.66664
282.097	2.6667
282.096	2.65748
282.106	2.65837
282.112	2.65571
282.096	2.65568
282.091	2.66416
282.086	2.66246
282.096	2.63236
282.099	2.62495
282.105	2.62144
282.105	2.61723
282.103	2.61503
282.094	2.62092
282.082	2.6464
282.07	2.64662
282.065	2.64012
282.067	2.63169
282.074	2.62385
282.07	2.60957
282.068	2.61408
282.071	2.62333
282.039	2.64323
282.029	2.6425
282.026	2.63917
282.024	2.62785
282.025	2.63905
282.022	2.64164
282.017	2.64085
282.016	2.64591
282.009	2.64491
282.015	2.64918
282.007	2.65675
282	2.65638
> Shore Bin # 7881, Level 1
282.406	3.12609
282.403	3.11754
282.399	3.11925
282.397	3.11727
282.388	3.09926
282.375	3.08168
282.378	3.07814
282.368	3.0764
282.362	3.06932
282.346	3.06328
282.341	3.05812
282.344	3.05312
282.352	3.05232
282.346	3.04973
282.353	3.03236
282.363	3.03337
282.373	3.0443
282.384	3.05165
282.39	3.05003
282.393	3.04033
282.396	3.03896
282.411	3.04317
282.412	3.0558
282.423	3.05647
282.43	3.04402
282.436	3.04732
282.439	3.05495
282.452	3.05299
282.441	3.06236
282.452	3.06685
282.456	3.07536
282.461	3.07878
282.455	3.08305
282.456	3.09926
282.469	3.10506
282.472	3.1115
282.482	3.11479
282.479	3.12404
282.486	3.131
282.485	3.13408
282.482	3.13426
282.473	3.13155
282.461	3.14482
282.464	3.16985
282.482	3.17806
282.485	3.18312
282.483	3.19335
282.465	3.20751
282.455	3.20574
282.455	3.19561
282.453	3.19405
282.454	3.1982
282.45	3.19805
282.441	3.17559
282.432	3.16478
282.421	3.14144
282.412	3.13698
282.408	3.12908
282.406	3.12609
> Shore Bin # 7881, Level 1
282.503	3.30248
282.463	3.25521
282.457	3.23821
282.459	3.22817
282.481	3.23598
282.5	3.23589
282.509	3.23015
282.514	3.22347
282.513	3.21923
282.52	3.21318
282.528	3.21477
282.533	3.22075
282.532	3.22747
282.537	3.22924
282.531	3.23803
282.534	3.24178
282.546	3.23986
282.551	3.24831
282.567	3.25322
282.568	3.26098
282.576	3.25756
282.583	3.25826
282.584	3.26137
282.579	3.26326
282.58	3.26754
282.59	3.27498
282.594	3.28399
282.592	3.28762
282.587	3.28737
282.585	3.295
282.546	3.3124
282.537	3.30687
282.536	3.30159
282.533	3.30913
282.519	3.31337
282.516	3.30507
282.511	3.30916
282.503	3.30327
282.503	3.30248
> Shore Bin # 7881, Level 1
282.531	3.33068
282.525	3.32488
282.527	3.32067
282.546	3.32003
282.558	3.30773
282.573	3.30321
282.581	3.29738
282.591	3.29656
282.595	3.29165
282.604	3.2983
282.602	3.30532
282.606	3.31218
282.601	3.32415
282.595	3.32912
282.591	3.32897
282.602	3.33999
282.581	3.33901
282.582	3.34749
282.588	3.35659
282.587	3.36175
282.58	3.3608
282.57	3.34942
282.564	3.34807
282.563	3.35146
282.577	3.36165
282.576	3.36413
282.568	3.36233
282.555	3.34627
282.532	3.33233
282.531	3.33068
> Shore Bin # 7881, Level 1
282.584	4
282.586	3.99731
282.61	3.97998
282.615	3.9816
282.615	3.99744
282.617	3.98068
282.63	3.97253
282.627	3.96832
282.626	3.97174
282.623	3.97018
282.625	3.95883
282.634	3.94485
282.637	3.93426
282.643	3.92917
282.649	3.92978
282.654	3.93469
282.662	3.9566
282.66	3.96313
282.665	3.96497
282.668	3.97745
282.672	3.97317
282.677	3.98059
282.68	4
> Shore Bin # 7881, Level 1
282.823	3.79062
282.823	3.77252
282.825	3.77063
282.833	3.77169
282.841	3.76904
282.843	3.77493
282.845	3.77243
282.852	3.7734
282.856	3.77932
282.855	3.78845
282.857	3.79104
282.85	3.80331
282.845	3.8041
282.846	3.80691
282.842	3.80914
282.824	3.80749
282.827	3.81341
282.822	3.81494
282.823	3.81833
282.82	3.81924
282.817	3.81332
282.823	3.79223
282.823	3.79062
> Shore Bin # 7881, Level 1
282.696	3.52493
282.701	3.53256
282.704	3.52895
282.716	3.53256
282.731	3.53011
282.74	3.5125
282.745	3.51235
282.752	3.51977
282.752	3.52746
282.742	3.53313
282.74	3.5426
282.716	3.54327
282.703	3.55761
282.696	3.55322
282.692	3.53845
282.684	3.53246
282.684	3.52615
282.693	3.52499
282.696	3.52493
> Shore Bin # 7881, Level 1
282.497	3.19164
282.486	3.17391
282.468	3.16948
282.463	3.14897
282.466	3.14171
282.472	3.14321
282.472	3.14873
282.487	3.14977
282.502	3.14241
282.509	3.1429
282.512	3.14638
282.519	3.17079
282.502	3.1816
282.516	3.18148
282.527	3.18791
282.52	3.19405
282.498	3.1917
282.497	3.19164
> Shore Bin # 7881, Level 1
282.929	3.89837
282.919	3.897
282.919	3.89316
282.926	3.88724
282.925	3.88354
282.932	3.88147
282.94	3.87393
282.946	3.88174
282.944	3.88815
282.933	3.89831
282.929	3.89837
> Shore Bin # 7881, Level 1
282.25	2.76036
282.235	2.76686
282.22	2.76023
282.217	2.75575
282.228	2.74015
282.23	2.74684
282.236	2.74772
282.24	2.75602
282.25	2.75843
282.25	2.76036
> Shore Bin # 7881, Level 1
282.908	3.88321
282.908	3.89126
282.901	3.88919
282.904	3.89416
282.898	3.8992
282.891	3.87442
282.894	3.87317
282.903	3.87744
282.908	3.8829
282.908	3.88321
> Shore Bin # 7881, Level 1
282.024	2.66603
282.01	2.6609
282.011	2.65504
282.02	2.64408
282.035	2.65187
282.028	2.65754
282.026	2.66401
282.024	2.66603
> Shore Bin # 7881, Level 1
282.699	3.97839
282.691	3.97064
282.695	3.96661
282.7	3.9667
282.71	3.97568
282.708	3.98163
282.7	3.97833
282.699	3.97839
> Shore Bin # 7881, Level 1
282.603	3.40179
282.593	3.38973
282.595	3.38231
282.603	3.3966
282.61	3.39803
282.607	3.40163
282.603	3.40179
> Shore Bin # 7881, Level 1
282.538	3.31325
282.546	3.31331
282.548	3.31609
282.542	3.31997
282.531	3.31661
282.537	3.31398
282.538	3.31325
> Shore Bin # 7881, Level 1
282.642	3.91849
282.637	3.90842
282.644	3.89984
282.652	3.91495
282.643	3.91861
282.642	3.91849
> Shore Bin # 7881, Level 1
282.338	3.04088
282.337	3.03737
282.339	3.03474
282.348	3.03276
282.339	3.04036
282.338	3.04088
> Shore Bin # 7881, Level 1
282.851	3.76422
282.845	3.76278
282.846	3.75863
282.857	3.75662
282.854	3.76434
282.851	3.76422
> Shore Bin # 7881, Level 1
282.598	3.22747
282.595	3.23088
282.592	3.22899
282.593	3.22319
282.598	3.22499
282.598	3.22747
> Shore Bin # 7881, Level 1
282.31	2.7809
282.308	2.78752
282.298	2.78837
282.309	2.7776
282.311	2.77848
282.31	2.7809
> Shore Bin # 7881, Level 1
282.421	3.05513
282.419	3.05068
282.423	3.04884
282.424	3.0526
282.422	3.05498
282.421	3.05513
> Shore Bin # 7881, Level 1
282.649	3.92328
282.647	3.92108
282.649	3.91818
282.653	3.92081
282.652	3.9234
282.649	3.92328
> Shore Bin # 7881, Level 1
282.588	3.28978
282.59	3.28829
282.593	3.29253
282.59	3.29424
282.587	3.29162
282.588	3.28978
> Shore Bin # 7881, Level 1
282.598	3.90027
282.597	3.89743
282.602	3.89477
282.604	3.89743
282.601	3.90005
282.598	3.90027
> Shore Bin # 7881, Level 1
282.865	3.73336
282.862	3.73007
282.864	3.72738
282.87	3.72988
282.868	3.73346
282.865	3.73336
> Shore Bin # 7881, Level 1
282.862	3.78491
282.862	3.79013
282.859	3.7886
282.86	3.78607
282.862	3.78491
> Shore Bin # 7881, Level 1
282.926	3.87424
282.923	3.87137
282.932	3.87155
282.932	3.87436
282.926	3.87424
> Shore Bin # 7881, Level 1
282.797	3.63256
282.795	3.62396
282.799	3.62759
282.798	3.63259
282.797	3.63256
> Shore Bin # 7881, Level 1
282.371	2.87599
282.364	2.88096
282.36	2.88017
282.371	2.87535
282.371	2.87599
> Shore Bin # 7881, Level 1
282.573	3.35421
282.572	3.35741
282.564	3.34948
282.572	3.35329
282.573	3.35421
> Shore Bin # 7881, Level 1
282.334	3.05013
282.334	3.04533
282.338	3.04231
282.336	3.05006
282.334	3.05013
> Shore Bin # 7881, Level 1
282.341	3.04497
282.341	3.04146
282.346	3.03835
282.342	3.04509
282.341	3.04497
> Shore Bin # 7881, Level 1
282.651	3.92844
282.649	3.92615
282.654	3.92322
282.653	3.92844
282.651	3.92844
> Shore Bin # 7881, Level 1
282.584	3.37179
282.584	3.36568
282.587	3.36748
282.585	3.37173
282.584	3.37179
> Shore Bin # 7881, Level 1
282.929	3.88095
282.928	3.879
282.931	3.87826
282.931	3.88095
282.929	3.88095
> Shore Bin # 7881, Level 1
282.343	3.04918
282.342	3.0468
282.345	3.04405
282.344	3.04921
282.343	3.04918
> Shore Bin # 7881, Level 1
282.926	3.87842
282.926	3.87497
282.931	3.87539
282.928	3.87826
282.926	3.87842
> Shore Bin # 7881, Level 1
282.606	3.39071
282.608	3.39577
282.604	3.39223
282.606	3.39071
> Shore Bin # 7881, Level 1
282.947	3.9093
282.947	3.90655
282.948	3.90921
282.947	3.9093
> Shore Bin # 7881, Level 1
282.86	3.78485
282.857	3.78903
282.858	3.7832
282.86	3.78485
> Shore Bin # 7881, Level 1
282.904	3.89306
282.907	3.89386
282.904	3.89416
282.904	3.89306
> Shore Bin # 8059, Level 1
280	0.800275
279.988	0.805005
279.965	0.803235
279.95	0.812757
279.945	0.813275
279.938	0.808972
279.931	0.796063
279.909	0.775463
279.901	0.763073
279.898	0.753429
279.896	0.729808
279.901	0.709941
279.897	0.697307
279.893	0.693858
279.895	0.672313
279.901	0.650492
279.907	0.641642
279.918	0.646708
279.926	0.646525
279.937	0.634104
279.959	0.639109
279.944	0.633951
279.942	0.630014
279.953	0.622293
279.963	0.608255
279.984	0.591196
279.982	0.588388
279.985	0.584421
279.987	0.571084
279.993	0.561135
279.991	0.553231
279.992	0.561013
279.986	0.571206
279.983	0.583932
279.968	0.603555
279.959	0.610819
279.957	0.609751
279.957	0.601572
279.97	0.580117
279.982	0.535348
279.986	0.535897
279.995	0.519966
280	0.5196
> Shore Bin # 8059, Level 1
280	0.299199
279.992	0.336736
279.983	0.349096
279.967	0.357519
279.956	0.369909
279.95	0.370123
279.948	0.362524
279.955	0.322148
279.958	0.275547
279.957	0.25568
279.961	0.229709
279.959	0.180728
279.954	0.147402
279.942	0.10016
279.921	0.0517586
279.916	0.048127
279.919	0.050782
279.917	0.052491
279.901	0.0516976
279.897	0.0332952
279.891	0.0188907
279.895	0.0200504
279.894	0.0168765
279.899	0.015259
279.891	0.0158083
279.888	0.0134585
279.877	0
> Shore Bin # 8059, Level 1
280	0.513954
279.996	0.514504
279.984	0.534768
279.974	0.505379
279.966	0.498482
279.962	0.50013
279.955	0.496407
279.946	0.478889
279.952	0.470649
279.956	0.451728
279.953	0.446632
279.958	0.430762
279.955	0.421637
279.968	0.404181
279.979	0.395789
279.994	0.391485
280	0.381476
> Shore Bin # 8059, Level 1
280	0.374365
279.994	0.384009
279.985	0.386755
279.963	0.401709
279.954	0.403418
279.951	0.401099
279.951	0.392798
279.963	0.380682
279.967	0.370733
279.98	0.365545
279.991	0.356664
279.996	0.358129
279.998	0.358312
280	0.360632
> Shore Bin # 8059, Level 1
279.935	0.456764
279.929	0.449256
279.93	0.443641
279.939	0.439948
279.95	0.426978
279.955	0.425757
279.957	0.431281
279.951	0.442847
279.953	0.454231
279.95	0.457465
279.948	0.475013
279.944	0.474342
279.936	0.457252
279.935	0.456764
> Shore Bin # 8059, Level 1
279.97	0.365911
279.97	0.361791
279.979	0.353948
279.983	0.354742
279.982	0.358312
279.973	0.365911
279.97	0.365911
> Shore Bin # 8059, Level 1
280	0.518929
279.996	0.518929
279.997	0.515358
279.998	0.51487
280	0.515724
> Shore Bin # 8059, Level 1
279.946	0.396765
279.946	0.389563
279.954	0.38706
279.948	0.396765
279.946	0.396765
> Shore Bin # 8059, Level 1
280	0.242374
279.993	0.252323
279.994	0.263462
280	0.268498
> Shore Bin # 8059, Level 1
279.954	0.454139
279.955	0.450904
279.955	0.454231
279.954	0.454139
> Shore Bin # 8059, Level 1
279.953	0.45832
279.953	0.455756
279.954	0.458442
279.953	0.45832
> Shore Bin # 8059, Level 1
279.977	0.594064
279.981	0.588937
279.978	0.594369
279.977	0.594064
> Shore Bin # 8059, Level 1
279.951	0.463386
279.952	0.457404
279.952	0.463386
279.951	0.463386
> Shore Bin # 8059, Level 1
279.951	0.469245
279.951	0.465064
279.952	0.469306
279.951	0.469245
> Shore Bin # 8059, Level 1
279.95	0.47248
279.95	0.469947
279.951	0.471199
279.95	0.47248
> Shore Bin # 8060, Level 1
281.418	2
281.421	1.99466
281.424	1.97739
281.414	1.96378
281.418	1.92221
281.426	1.91727
281.453	1.9216
281.457	1.91724
281.46	1.89349
281.457	1.85815
281.445	1.83633
281.442	1.8179
281.452	1.80478
281.46	1.80417
281.477	1.81659
281.482	1.8266
281.486	1.82821
281.491	1.82181
281.484	1.8233
281.481	1.80813
281.47	1.81085
281.466	1.80557
281.466	1.79284
281.477	1.78482
281.47	1.76651
281.461	1.7641
281.448	1.76968
281.446	1.77432
281.452	1.79855
281.444	1.80658
281.436	1.80551
281.432	1.80261
281.425	1.78738
281.424	1.76284
281.407	1.74807
281.408	1.7586
281.405	1.76605
281.401	1.76916
281.392	1.76733
281.389	1.76318
281.391	1.7529
281.386	1.73562
281.389	1.72836
281.378	1.72586
281.383	1.73993
281.385	1.7763
281.376	1.78482
281.381	1.79159
281.376	1.79556
281.336	1.79165
281.332	1.78958
281.327	1.77908
281.318	1.79409
281.313	1.79242
281.308	1.7951
281.302	1.78903
281.299	1.77981
281.292	1.79498
281.283	1.78488
281.273	1.79803
281.267	1.80081
281.263	1.7958
281.262	1.7864
281.25	1.77435
281.253	1.78244
281.253	1.79644
281.246	1.80432
281.234	1.80911
281.23	1.79959
281.225	1.79751
281.221	1.80334
281.19	1.81329
281.179	1.80905
281.174	1.80987
281.165	1.82141
281.156	1.82238
281.13	1.80566
281.115	1.80041
281.086	1.76584
281.079	1.76654
281.07	1.76223
281.052	1.74432
281.043	1.74325
281.037	1.73877
281.02	1.71868
281.014	1.70584
281.008	1.70217
281	1.69213
281.001	1.68548
280.992	1.67291
280.987	1.65243
280.967	1.63574
280.967	1.62924
280.975	1.62325
280.998	1.61987
281.022	1.61236
281.033	1.61248
281.044	1.61895
281.05	1.61904
281.03	1.60818
281.01	1.61239
280.985	1.60162
280.978	1.60351
280.962	1.60101
280.959	1.59698
280.963	1.59008
280.985	1.58169
281.016	1.57971
281.029	1.56982
281.039	1.56658
281.057	1.56835
281.07	1.56643
281.077	1.55981
281.104	1.55389
281.129	1.53576
281.143	1.54165
281.155	1.53982
281.149	1.53817
281.147	1.53509
281.15	1.52804
281.148	1.52407
281.15	1.49837
281.142	1.48019
281.146	1.46706
281.18	1.44292
281.194	1.42406
281.212	1.424
281.218	1.41634
281.215	1.40587
281.197	1.4215
281.174	1.41982
281.169	1.4172
281.167	1.40932
281.176	1.37093
281.17	1.37166
281.159	1.36577
281.147	1.34981
281.134	1.33989
281.122	1.30047
281.123	1.29387
281.13	1.28655
281.163	1.27996
281.179	1.27333
281.195	1.2759
281.205	1.28307
281.221	1.26491
281.201	1.27388
281.195	1.27224
281.19	1.26574
281.175	1.26494
281.147	1.27996
281.132	1.27916
281.125	1.27727
281.122	1.2733
281.123	1.26326
281.129	1.25246
281.128	1.24215
281.126	1.2408
281.122	1.2509
281.114	1.24547
281.118	1.22991
281.114	1.22255
281.089	1.21242
281.079	1.21816
281.071	1.2293
281.064	1.22908
281.064	1.21675
281.069	1.19985
281.076	1.19396
281.081	1.18102
281.095	1.17092
281.102	1.14458
281.101	1.14159
281.088	1.14061
281.069	1.11904
281.057	1.11244
281.04	1.10735
281.027	1.10741
281.017	1.08238
281.027	1.0724
281.039	1.06584
281.058	1.06242
281.07	1.06828
281.071	1.06374
281.065	1.0598
281.047	1.05663
281.019	1.07399
281.013	1.07503
281.011	1.06877
281.015	1.05635
281.01	1.04747
281.006	1.04387
280.991	1.04656
280.989	1.03841
280.986	1.041
280.986	1.04826
281	1.04833
281.009	1.05528
281.007	1.07814
281.014	1.09892
281.012	1.11235
280.999	1.13582
280.989	1.17317
280.949	1.21379
280.939	1.21611
280.932	1.20912
280.911	1.16381
280.899	1.15138
280.895	1.14232
280.868	1.1194
280.845	1.09343
280.823	1.08025
280.816	1.07781
280.804	1.08119
280.775	1.06777
280.75	1.06508
280.741	1.06871
280.743	1.07884
280.737	1.08363
280.697	1.06596
280.689	1.05428
280.69	1.06203
280.696	1.06844
280.695	1.07201
280.674	1.06535
280.65	1.06444
280.615	1.0584
280.601	1.07286
280.586	1.06822
280.589	1.05568
280.586	1.04771
280.584	1.06053
280.569	1.06841
280.55	1.05003
280.497	1.02037
280.479	1.00298
280.472	0.991623
280.455	0.982376
280.442	0.983474
280.411	0.972702
280.408	0.975174
280.392	0.97499
280.384	0.979995
280.378	0.980117
280.371	0.968856
280.368	0.934859
280.366	0.930129
280.357	0.927565
280.356	0.923079
280.359	0.917647
280.357	0.9066
280.351	0.900008
280.345	0.901717
280.342	0.91017
280.344	0.919875
280.361	0.933242
280.367	0.951553
280.359	0.959152
280.351	0.946761
280.354	0.952743
280.35	0.965255
280.352	0.979934
280.349	0.981827
280.293	0.955825
280.267	0.95314
280.246	0.937423
280.23	0.938308
280.225	0.93193
280.217	0.928542
280.206	0.909926
280.17	0.869337
280.141	0.853071
280.131	0.83769
280.135	0.846571
280.115	0.835798
280.103	0.84184
280.088	0.827527
280.08	0.827619
280.073	0.831861
280.065	0.821515
280.033	0.803235
280.018	0.798291
280.005	0.798322
280	0.800275
> Shore Bin # 8060, Level 1
280	0.381476
280.009	0.367285
280.008	0.352575
280.002	0.33753
280.002	0.328344
280.008	0.278202
280.015	0.271641
280.022	0.269749
280.018	0.266697
280.02	0.259861
280.052	0.242374
280.063	0.242496
280.061	0.24921
280.066	0.244541
280.063	0.239811
280.05	0.239017
280.052	0.231662
280.058	0.23331
280.061	0.228489
280.058	0.231724
280.053	0.229831
280.05	0.231998
280.047	0.243442
280.041	0.245121
280.038	0.241672
280.038	0.2327
280.048	0.218967
280.054	0.203006
280.056	0.192355
280.052	0.170321
280.041	0.15201
280.031	0.144167
280.016	0.140444
280.005	0.119692
280.002	0.118959
280.012	0.141421
280.024	0.146578
280.031	0.15314
280.033	0.168643
280.029	0.180148
280.018	0.186099
280.007	0.210636
280.002	0.239689
280	0.242374
> Shore Bin # 8060, Level 1
281.045	1.21947
281.049	1.2174
281.053	1.2191
281.067	1.23574
281.09	1.21834
281.102	1.22097
281.109	1.22802
281.112	1.24822
281.117	1.26125
281.117	1.28536
281.113	1.29067
281.113	1.29714
281.117	1.31041
281.11	1.3452
281.11	1.35564
281.103	1.36104
281.09	1.35238
281.069	1.32927
281.069	1.31545
281.059	1.31234
281.058	1.31832
281.054	1.31914
281.034	1.29491
281.007	1.27391
281.001	1.25255
281.01	1.25496
281.015	1.24648
281.02	1.24669
281.025	1.25606
281.029	1.25817
281.027	1.23851
281.044	1.22066
281.045	1.21947
> Shore Bin # 8060, Level 1
281.096	1.15248
281.093	1.16576
281.077	1.17409
281.074	1.19091
281.062	1.19832
281.062	1.20943
281.054	1.21169
281.049	1.20974
281.048	1.20125
281.057	1.18862
281.05	1.17479
281.052	1.15615
281.051	1.14162
281.04	1.12331
281.04	1.11803
281.051	1.11577
281.061	1.11928
281.08	1.14217
281.096	1.15111
281.096	1.15248
> Shore Bin # 8060, Level 1
281	1.23726
280.989	1.24913
280.985	1.25011
280.979	1.24511
280.955	1.23751
280.952	1.23153
280.954	1.22603
280.96	1.21981
280.975	1.21337
280.982	1.20223
280.986	1.19988
280.994	1.21718
281.008	1.22551
281.008	1.22908
281.002	1.23558
281	1.23726
> Shore Bin # 8060, Level 1
281	1.21526
280.991	1.20458
280.992	1.18477
281.011	1.15956
281.019	1.13158
281.032	1.12663
281.038	1.1274
281.043	1.14318
281.044	1.18059
281.05	1.1921
281.04	1.20253
281.033	1.22057
281.017	1.22426
281.001	1.21663
281	1.21526
> Shore Bin # 8060, Level 1
281.121	1.39724
281.119	1.38476
281.123	1.36495
281.127	1.36254
281.148	1.36428
281.163	1.37795
281.167	1.38814
281.167	1.40352
281.16	1.42568
281.142	1.44063
281.125	1.43416
281.121	1.40218
281.121	1.39724
> Shore Bin # 8060, Level 1
281.245	1.82867
281.235	1.82242
281.234	1.81662
281.246	1.81143
281.25	1.81265
281.253	1.82226
281.262	1.82406
281.265	1.82739
281.256	1.83996
281.251	1.83832
281.247	1.83044
281.245	1.82867
> Shore Bin # 8060, Level 1
280.967	1.62426
280.954	1.6192
280.952	1.61181
280.954	1.60681
280.992	1.60931
280.998	1.61193
280.996	1.61453
280.982	1.6177
280.971	1.62441
280.967	1.62426
> Shore Bin # 8060, Level 1
280.042	0.205753
280.043	0.22211
280.037	0.231785
280.032	0.234318
280.026	0.231601
280.023	0.22678
280.03	0.19913
280.034	0.196719
280.042	0.204898
280.042	0.205753
> Shore Bin # 8060, Level 1
281.069	1.56063
281.057	1.56326
281.051	1.55813
281.085	1.54885
281.094	1.54327
281.101	1.54479
281.082	1.55804
281.071	1.56063
281.069	1.56063
> Shore Bin # 8060, Level 1
281.182	1.83816
281.168	1.83392
281.162	1.82803
281.194	1.8316
281.198	1.83474
281.2	1.84164
281.182	1.83819
281.182	1.83816
> Shore Bin # 8060, Level 1
281.027	1.56851
281.013	1.57815
281.001	1.57864
281.001	1.57501
281.013	1.56732
281.027	1.56237
281.031	1.56481
281.027	1.56851
> Shore Bin # 8060, Level 1
280.013	0.248264
280.01	0.25626
280.004	0.25626
280.002	0.245792
280.007	0.238071
280.011	0.240848
280.013	0.247379
280.013	0.248264
> Shore Bin # 8060, Level 1
281.012	1.1425
281.006	1.15932
281.002	1.15584
281.001	1.1444
281.008	1.12746
281.012	1.12996
281.012	1.14031
281.012	1.1425
> Shore Bin # 8060, Level 1
280	0.5196
280.007	0.519112
280.005	0.515145
280.016	0.50605
280.013	0.506569
280.008	0.512886
280	0.513954
> Shore Bin # 8060, Level 1
280.345	0.909468
280.348	0.900862
280.356	0.9066
280.355	0.925887
280.352	0.924269
280.345	0.911666
280.345	0.909468
> Shore Bin # 8060, Level 1
280.018	0.204837
280.023	0.198276
280.028	0.200046
280.023	0.226566
280.02	0.226078
280.017	0.21207
280.018	0.204837
> Shore Bin # 8060, Level 1
281.185	1.82827
281.176	1.82559
281.174	1.82214
281.189	1.8165
281.19	1.8201
281.187	1.82812
281.185	1.82827
> Shore Bin # 8060, Level 1
281.125	1.81549
281.12	1.80975
281.121	1.80734
281.127	1.80883
281.14	1.82046
281.13	1.81979
281.125	1.81549
> Shore Bin # 8060, Level 1
281.211	1.81579
281.211	1.81021
281.215	1.8089
281.229	1.82089
281.224	1.82403
281.212	1.81729
281.211	1.81579
> Shore Bin # 8060, Level 1
281.454	1.78299
281.455	1.7723
281.462	1.768
281.472	1.7818
281.459	1.79492
281.454	1.78717
281.454	1.78299
> Shore Bin # 8060, Level 1
281.091	1.52416
281.087	1.52319
281.089	1.51321
281.093	1.51385
281.092	1.52343
281.091	1.52416
> Shore Bin # 8060, Level 1
280.031	0.244236
280.035	0.249302
280.03	0.253147
280.028	0.251408
280.03	0.244907
280.031	0.244236
> Shore Bin # 8060, Level 1
281.023	1.12514
281.02	1.1191
281.026	1.10826
281.028	1.12004
281.025	1.12508
281.023	1.12514
> Shore Bin # 8060, Level 1
281.344	2
281.346	1.99365
281.353	1.99149
281.371	1.99823
281.372	2
> Shore Bin # 8060, Level 1
280	0.360632
280.002	0.363989
280.002	0.370611
280	0.374365
> Shore Bin # 8060, Level 1
280	0.515724
280.002	0.516335
280.001	0.518929
280	0.518929
> Shore Bin # 8060, Level 1
280	0.268498
280.003	0.271366
280.003	0.282078
280	0.299199
> Shore Bin # 8060, Level 1
280.367	0.938308
280.365	0.933303
280.367	0.937606
280.367	0.938308
> Shore Bin # 8060, Level 1
280.35	0.923079
280.345	0.919692
280.345	0.915846
280.35	0.923079
> Shore Bin # 8239, Level 1
279.877	0
279.875	-0.00250248
279.872	-0.0116579
279.865	-0.0158083
279.854	-0.0400702
279.844	-0.051667
279.828	-0.0691844
279.809	-0.0804456
279.773	-0.125917
279.745	-0.149203
279.734	-0.169192
279.734	-0.182528
279.729	-0.187533
279.734	-0.192538
279.727	-0.189181
279.732	-0.182528
279.732	-0.172152
279.712	-0.187106
279.69	-0.196262
279.677	-0.192905
279.669	-0.182925
279.655	-0.211246
279.638	-0.223789
279.615	-0.232486
279.593	-0.310002
279.588	-0.316289
279.572	-0.324193
279.562	-0.349187
279.549	-0.354589
279.535	-0.371313
279.528	-0.374578
279.511	-0.37293
279.5	-0.392493
279.501	-0.42002
279.511	-0.435828
279.515	-0.454994
279.535	-0.471656
279.555	-0.570016
279.58	-0.59501
279.584	-0.622538
279.588	-0.620401
279.588	-0.625071
279.592	-0.625864
279.593	-0.630442
279.596	-0.629191
279.595	-0.636698
279.604	-0.650034
279.61	-0.655436
279.618	-0.655436
279.634	-0.647105
279.694	-0.662089
279.707	-0.662089
279.725	-0.669993
279.699	-0.663737
279.702	-0.665904
279.7	-0.666697
279.698	-0.674601
279.697	-0.66627
279.689	-0.66627
279.684	-0.672068
279.682	-0.66627
279.647	-0.66041
279.645	-0.662547
279.649	-0.665049
279.644	-0.665415
279.644	-0.668376
279.655	-0.669169
279.647	-0.672068
279.647	-0.678355
279.658	-0.684611
279.673	-0.68629
279.674	-0.680858
279.678	-0.677958
279.675	-0.687541
279.682	-0.68629
279.687	-0.691661
279.678	-0.687938
279.677	-0.692943
279.67	-0.687938
279.648	-0.682078
279.633	-0.666209
279.627	-0.666209
279.615	-0.674601
279.607	-0.672953
279.597	-0.660441
279.587	-0.657908
279.575	-0.645823
279.569	-0.630869
279.568	-0.621714
279.571	-0.615854
279.568	-0.609598
279.548	-0.619577
279.539	-0.619577
279.535	-0.632517
279.52	-0.650065
279.516	-0.660838
279.514	-0.684154
279.504	-0.705821
279.494	-0.738323
279.477	-0.799207
279.475	-0.82417
279.46	-0.866682
279.441	-0.897536
279.417	-0.924605
279.383	-0.940475
279.369	-0.942947
279.35	-0.936263
279.348	-0.93254
279.351	-0.924208
279.346	-0.922133
279.337	-0.924605
279.329	-0.932937
279.316	-0.941268
279.287	-0.947951
279.285	-0.944625
279.282	-0.946304
279.282	-0.943343
279.285	-0.942519
279.276	-0.93666
279.283	-0.927565
279.279	-0.925429
279.279	-0.9308
279.274	-0.936263
279.237	-0.940414
279.214	-0.954604
279.197	-0.956283
279.188	-0.950423
279.178	-0.95375
279.173	-0.952071
279.159	-0.977554
279.14	-0.992538
279.13	-1.01503
279.114	-1.03041
279.1	-1.03374
279.097	-1.04918
279.089	-1.05418
279.115	-1.12251
279.123	-1.15169
279.15	-1.20168
279.242	-1.31167
279.264	-1.35421
279.261	-1.36672
279.24	-1.38753
279.245	-1.39583
279.25	-1.4175
279.248	-1.42669
279.235	-1.43423
279.239	-1.45336
279.237	-1.46835
279.234	-1.475
279.224	-1.48214
279.209	-1.47543
279.209	-1.49166
279.205	-1.49462
279.199	-1.49294
279.193	-1.50585
279.185	-1.50832
279.184	-1.51501
279.19	-1.53332
279.19	-1.55331
279.184	-1.56045
279.18	-1.55801
279.167	-1.55801
279.163	-1.56457
279.16	-1.56503
279.16	-1.58584
279.149	-1.59835
279.159	-1.60751
279.156	-1.61337
279.159	-1.62087
279.156	-1.62335
279.167	-1.63088
279.18	-1.6542
279.184	-1.67086
279.19	-1.67999
279.19	-1.69
279.195	-1.70007
279.196	-1.70752
279.2	-1.71377
279.204	-1.71292
279.207	-1.71585
279.23	-1.75418
279.243	-1.80166
279.244	-1.81167
279.241	-1.81585
279.267	-1.88251
279.275	-1.92752
279.275	-1.94253
279.268	-1.95834
279.258	-1.9671
279.246	-1.96625
279.239	-1.97333
279.243	-1.98044
279.247	-1.97711
279.25	-1.97919
279.244	-1.98587
279.251	-1.99997
279.251	-2
> Shore Bin # 8239, Level 1
278.918	-1.27752
278.92	-1.28292
278.925	-1.27877
278.93	-1.27877
278.932	-1.28292
278.938	-1.28545
278.943	-1.28377
278.946	-1.28792
278.957	-1.28252
278.951	-1.27959
278.944	-1.26961
278.939	-1.26876
278.929	-1.25875
278.926	-1.25875
278.922	-1.26332
278.919	-1.27666
278.918	-1.27752
> Shore Bin # 8239, Level 1
279.13	-1.59582
279.136	-1.5971
279.137	-1.60046
279.144	-1.59249
279.137	-1.58798
279.132	-1.58798
279.13	-1.59249
279.133	-1.59335
279.13	-1.59503
279.13	-1.59582
> Shore Bin # 8239, Level 1
279.211	-1.9342
279.214	-1.93252
279.211	-1.93252
279.211	-1.9342
> Shore Bin # 8419, Level 1
279.251	-2
279.25	-2.00922
279.259	-2.01962
279.263	-2.0192
279.265	-2.03586
279.267	-2.03461
279.27	-2.03754
279.265	-2.03754
279.262	-2.07254
279.25	-2.10584
279.238	-2.12418
279.22	-2.1417
279.223	-2.14127
279.222	-2.14295
279.194	-2.15628
279.191	-2.15207
279.183	-2.15296
279.163	-2.18003
279.151	-2.19129
279.129	-2.19541
279.124	-2.2038
279.12	-2.20209
279.11	-2.2096
279.092	-2.21707
279.062	-2.21628
279.048	-2.19876
279.029	-2.20209
279.025	-2.19629
279.015	-2.19168
279.017	-2.18668
279.012	-2.18128
279.002	-2.18042
278.99	-2.18503
279.004	-2.19669
279.004	-2.20169
279.026	-2.21881
279.077	-2.27005
279.087	-2.28711
279.09	-2.28669
279.087	-2.27585
279.089	-2.27674
279.092	-2.28751
279.085	-2.29004
279.105	-2.31336
279.101	-2.33085
279.111	-2.33707
279.113	-2.32374
279.129	-2.32123
279.152	-2.33542
279.182	-2.3621
279.186	-2.35962
279.184	-2.36335
279.198	-2.37626
279.203	-2.37626
279.226	-2.38791
279.229	-2.38544
279.244	-2.3863
279.257	-2.3913
279.268	-2.38959
279.276	-2.3921
279.282	-2.38959
279.308	-2.40543
279.316	-2.40128
279.316	-2.39875
279.336	-2.41541
279.339	-2.41462
279.343	-2.41794
279.348	-2.41129
279.345	-2.4192
279.365	-2.43958
279.37	-2.43378
279.369	-2.43833
279.371	-2.43919
279.367	-2.44086
279.426	-2.49381
279.422	-2.48545
279.429	-2.49207
279.428	-2.495
279.431	-2.49918
279.457	-2.52378
279.463	-2.5192
279.458	-2.52506
279.505	-2.56999
279.548	-2.62376
279.543	-2.61582
279.548	-2.61961
279.553	-2.61503
279.55	-2.61921
279.552	-2.62962
279.556	-2.62788
279.565	-2.6396
279.588	-2.64372
279.605	-2.63459
279.608	-2.63545
279.638	-2.67207
279.695	-2.71708
279.703	-2.72209
279.698	-2.71461
279.708	-2.72374
279.712	-2.72294
279.727	-2.73124
279.752	-2.73878
279.761	-2.72169
279.762	-2.70338
279.754	-2.68501
279.749	-2.68254
279.749	-2.6667
279.745	-2.65583
279.746	-2.65003
279.744	-2.64082
279.737	-2.63624
279.728	-2.63545
279.73	-2.6425
279.722	-2.65168
279.723	-2.64671
279.729	-2.6417
279.727	-2.6338
279.737	-2.63465
279.742	-2.63798
279.746	-2.63001
279.752	-2.62583
279.736	-2.61625
279.722	-2.61457
279.718	-2.6096
279.714	-2.6092
279.717	-2.60752
279.711	-2.60166
279.715	-2.60294
279.716	-2.59748
279.722	-2.59629
279.717	-2.60087
279.717	-2.60499
279.722	-2.61213
279.74	-2.61125
279.749	-2.61625
279.756	-2.62626
279.758	-2.62464
279.763	-2.62916
279.753	-2.63212
279.745	-2.63835
279.752	-2.6446
279.774	-2.63294
279.787	-2.61756
279.782	-2.6117
279.786	-2.60169
279.779	-2.59751
279.781	-2.58918
279.779	-2.5875
279.782	-2.58378
279.787	-2.58668
279.783	-2.58582
279.78	-2.59583
279.787	-2.60084
279.784	-2.6096
279.801	-2.59962
279.827	-2.59547
279.83	-2.585
279.842	-2.56751
279.842	-2.56086
279.824	-2.5496
279.813	-2.5521
279.804	-2.53751
279.811	-2.54835
279.816	-2.55045
279.83	-2.53416
279.82	-2.52668
279.829	-2.52879
279.832	-2.53584
279.823	-2.54255
279.822	-2.5467
279.832	-2.54795
279.846	-2.55628
279.848	-2.55229
279.85	-2.53913
279.844	-2.53336
279.844	-2.52961
279.85	-2.53834
279.847	-2.56587
279.853	-2.57124
279.901	-2.5192
279.901	-2.49918
279.893	-2.49332
279.893	-2.48585
279.894	-2.49253
279.901	-2.49668
279.904	-2.5088
279.92	-2.48673
279.912	-2.46918
279.924	-2.45499
279.912	-2.4459
279.911	-2.44004
279.92	-2.42417
279.917	-2.41917
279.922	-2.42042
279.929	-2.41505
279.93	-2.40504
279.925	-2.40046
279.916	-2.39878
279.913	-2.40464
279.902	-2.40671
279.902	-2.40964
279.907	-2.40916
279.906	-2.41126
279.902	-2.41126
279.9	-2.40754
279.908	-2.40293
279.907	-2.39963
279.912	-2.40293
279.913	-2.39792
279.92	-2.3971
279.921	-2.3917
279.919	-2.39045
279.922	-2.39084
279.922	-2.39673
279.927	-2.39963
279.938	-2.38544
279.943	-2.38502
279.943	-2.37964
279.944	-2.38669
279.937	-2.38917
279.952	-2.40293
279.963	-2.39127
279.967	-2.39048
279.973	-2.37833
279.973	-2.36085
279.977	-2.35462
279.984	-2.3509
279.971	-2.33503
279.97	-2.33085
279.974	-2.32792
279.98	-2.32712
279.983	-2.33085
279.976	-2.32963
279.972	-2.33249
279.98	-2.34461
279.989	-2.34128
280	-2.34183
> Shore Bin # 8419, Level 1
280	-2.68232
279.987	-2.67628
279.968	-2.67124
279.923	-2.68382
279.907	-2.68208
279.902	-2.68629
279.889	-2.68876
279.878	-2.70457
279.867	-2.70378
279.848	-2.71379
279.824	-2.71629
279.814	-2.72627
279.806	-2.72795
279.797	-2.72541
279.78	-2.73503
279.785	-2.74919
279.782	-2.77168
279.774	-2.78129
279.782	-2.76832
279.783	-2.75129
279.78	-2.77086
279.768	-2.78334
279.757	-2.81334
279.744	-2.83253
279.741	-2.84166
279.74	-2.94667
279.742	-2.94835
279.739	-2.95
279.737	-2.97334
279.737	-2.99916
279.74	-3.02004
279.749	-3.03294
279.752	-3.03001
279.748	-3.02837
279.754	-3.02794
279.778	-3.03624
279.801	-3.03713
279.829	-3.02589
279.833	-3.01836
279.831	-3.01628
279.827	-3.01918
279.832	-3.01375
279.837	-3.01207
279.843	-3.01875
279.862	-3.01878
279.87	-3.02211
279.88	-3.02004
279.877	-3.0125
279.882	-3.00249
279.884	-3.00084
279.895	-2.98006
279.904	-2.97084
279.908	-2.94588
279.904	-2.94047
279.891	-2.93626
279.883	-2.92921
279.882	-2.9167
279.885	-2.90416
279.87	-2.89253
279.862	-2.87626
279.854	-2.88167
279.851	-2.8896
279.845	-2.88756
279.843	-2.88374
279.847	-2.88795
279.851	-2.88667
279.85	-2.87755
279.847	-2.87626
279.847	-2.87962
279.842	-2.87501
279.85	-2.87462
279.852	-2.88209
279.86	-2.87333
279.856	-2.86876
279.851	-2.86876
279.845	-2.8621
279.841	-2.8621
279.834	-2.8567
279.837	-2.85545
279.851	-2.86708
279.855	-2.86589
279.846	-2.85835
279.848	-2.85417
279.844	-2.85249
279.846	-2.85002
279.841	-2.84669
279.847	-2.84623
279.847	-2.8517
279.852	-2.8517
279.848	-2.85835
279.854	-2.86296
279.855	-2.85084
279.859	-2.84837
279.856	-2.83711
279.86	-2.83626
279.859	-2.84004
279.863	-2.84123
279.868	-2.83461
279.872	-2.83708
279.874	-2.83207
279.877	-2.83708
279.882	-2.83876
279.886	-2.83128
279.881	-2.84587
279.889	-2.84547
279.9	-2.84959
279.905	-2.8434
279.893	-2.83586
279.908	-2.83125
279.914	-2.8321
279.914	-2.83626
279.922	-2.83632
279.929	-2.84544
279.939	-2.84294
279.942	-2.8379
279.946	-2.83876
279.954	-2.85042
279.974	-2.85798
279.98	-2.85164
279.98	-2.84166
279.983	-2.84297
279.99	-2.83503
279.995	-2.8192
280	-2.81386
> Shore Bin # 8419, Level 1
280	-3.2813
279.99	-3.2867
279.988	-3.29088
279.997	-3.30129
279.991	-3.29961
279.986	-3.29207
279.979	-3.29503
279.979	-3.30669
279.99	-3.31334
279.988	-3.31463
279.979	-3.30874
279.971	-3.31084
279.971	-3.33089
279.967	-3.34502
279.983	-3.35879
279.993	-3.36126
279.997	-3.36797
279.992	-3.36297
279.982	-3.35958
279.981	-3.36254
279.986	-3.36965
279.993	-3.36965
279.995	-3.37502
279.992	-3.37124
279.984	-3.37044
279.978	-3.35753
279.973	-3.3546
279.968	-3.36666
279.947	-3.38128
279.943	-3.38668
279.944	-3.39208
279.956	-3.39086
279.953	-3.39382
279.942	-3.39422
279.941	-3.4042
279.947	-3.41042
279.941	-3.40627
279.936	-3.41543
279.926	-3.41881
279.892	-3.42126
279.884	-3.41793
279.877	-3.42715
279.88	-3.41793
279.854	-3.43041
279.843	-3.43212
279.832	-3.42959
279.832	-3.43416
279.826	-3.43877
279.81	-3.43877
279.804	-3.44128
279.782	-3.43874
279.779	-3.43294
279.774	-3.43301
279.772	-3.43624
279.774	-3.43001
279.767	-3.42464
279.734	-3.42293
279.723	-3.42629
279.721	-3.43169
279.717	-3.43294
279.721	-3.42504
279.707	-3.41711
279.704	-3.41836
279.703	-3.4117
279.694	-3.4034
279.696	-3.39834
279.694	-3.39626
279.677	-3.44417
279.664	-3.45666
279.659	-3.46752
279.65	-3.47756
279.648	-3.48418
279.63	-3.49877
279.594	-3.51461
279.59	-3.51254
279.588	-3.50256
279.585	-3.50127
279.579	-3.50875
279.565	-3.51583
279.558	-3.53582
279.547	-3.54708
279.542	-3.53878
279.529	-3.53249
279.531	-3.51919
279.526	-3.50921
279.522	-3.50457
279.511	-3.50796
279.5	-3.52999
279.493	-3.53753
279.48	-3.5592
279.439	-3.60665
279.435	-3.61419
279.42	-3.62878
279.407	-3.63381
279.399	-3.63293
279.39	-3.63629
279.371	-3.65881
279.35	-3.66629
279.34	-3.66546
279.329	-3.67376
279.317	-3.67626
279.269	-3.70709
279.252	-3.71542
279.208	-3.75918
279.2	-3.78253
279.189	-3.79586
279.184	-3.81253
279.169	-3.83838
279.16	-3.87671
279.137	-3.8963
279.128	-3.89712
279.101	-3.91965
279.077	-3.92963
279.062	-3.94293
279.048	-3.94876
279.035	-3.96127
279.023	-3.97919
279.009	-3.98999
279.009	-3.99667
279.005	-4
> Shore Bin # 8419, Level 1
279.777	-3.34667
279.785	-3.36001
279.794	-3.36919
279.803	-3.39962
279.817	-3.3904
279.836	-3.4042
279.84	-3.41418
279.847	-3.41631
279.857	-3.40877
279.867	-3.4071
279.868	-3.40041
279.869	-3.40627
279.888	-3.40627
279.893	-3.40334
279.893	-3.39715
279.896	-3.40545
279.898	-3.40459
279.913	-3.41546
279.932	-3.4146
279.937	-3.39837
279.932	-3.39294
279.927	-3.39336
279.932	-3.39129
279.937	-3.39541
279.945	-3.37835
279.969	-3.36172
279.968	-3.355
279.962	-3.3467
279.968	-3.29665
279.961	-3.29711
279.955	-3.29168
279.961	-3.29543
279.968	-3.29458
279.974	-3.28087
279.971	-3.27791
279.963	-3.27752
279.971	-3.27626
279.976	-3.27877
279.99	-3.26168
279.984	-3.24086
279.978	-3.23293
279.974	-3.23253
279.98	-3.22832
279.977	-3.22423
279.974	-3.20504
279.97	-3.20543
279.959	-3.21749
279.948	-3.25502
279.931	-3.28249
279.936	-3.28542
279.944	-3.27626
279.941	-3.28423
279.929	-3.28789
279.917	-3.30251
279.92	-3.30336
279.917	-3.30788
279.915	-3.30291
279.911	-3.30379
279.889	-3.32253
279.891	-3.32543
279.9	-3.32464
279.908	-3.32961
279.922	-3.32543
279.928	-3.32668
279.91	-3.33251
279.908	-3.34585
279.924	-3.35085
279.912	-3.3492
279.914	-3.35833
279.911	-3.35918
279.915	-3.36587
279.902	-3.36629
279.907	-3.37215
279.9	-3.3658
279.913	-3.36419
279.909	-3.36254
279.909	-3.35256
279.905	-3.3467
279.905	-3.33669
279.902	-3.33669
279.905	-3.33336
279.903	-3.32876
279.883	-3.33254
279.883	-3.3384
279.887	-3.3417
279.882	-3.34044
279.881	-3.34459
279.878	-3.34292
279.876	-3.34499
279.873	-3.35418
279.876	-3.36251
279.869	-3.36336
279.874	-3.37169
279.867	-3.37212
279.862	-3.3771
279.857	-3.3742
279.856	-3.3684
279.851	-3.36458
279.84	-3.3688
279.836	-3.37627
279.837	-3.36913
279.828	-3.36294
279.815	-3.36916
279.828	-3.36004
279.835	-3.3417
279.834	-3.33544
279.821	-3.33965
279.796	-3.33794
279.792	-3.34542
279.791	-3.33501
279.783	-3.33462
279.777	-3.34499
279.777	-3.34667
> Shore Bin # 8419, Level 1
279.735	-3.35085
279.746	-3.36251
279.747	-3.37169
279.756	-3.38247
279.752	-3.38668
279.755	-3.39501
279.767	-3.4121
279.769	-3.39751
279.758	-3.38918
279.762	-3.38714
279.772	-3.39501
279.769	-3.41085
279.774	-3.41796
279.785	-3.41796
279.808	-3.41048
279.813	-3.41128
279.818	-3.41881
279.836	-3.41421
279.835	-3.40838
279.827	-3.40294
279.818	-3.39294
279.806	-3.40294
279.799	-3.40084
279.787	-3.37252
279.778	-3.36172
279.768	-3.3409
279.764	-3.33874
279.76	-3.34249
279.764	-3.3359
279.764	-3.33169
279.767	-3.33251
279.766	-3.32879
279.752	-3.32796
279.743	-3.34249
279.735	-3.3492
279.735	-3.35085
> Shore Bin # 8419, Level 1
279.89	-2.87419
279.895	-2.88835
279.907	-2.89708
279.917	-2.89714
279.918	-2.8867
279.923	-2.88212
279.919	-2.88835
279.92	-2.895
279.939	-2.90626
279.942	-2.91124
279.948	-2.90663
279.951	-2.89665
279.957	-2.89165
279.955	-2.88167
279.958	-2.88798
279.971	-2.86085
279.954	-2.85212
279.945	-2.84041
279.93	-2.84788
279.922	-2.8379
279.917	-2.83632
279.913	-2.83879
279.911	-2.83378
279.907	-2.83293
279.899	-2.83665
279.906	-2.84419
279.902	-2.84999
279.906	-2.8542
279.902	-2.8542
279.906	-2.85997
279.892	-2.86711
279.89	-2.87166
279.89	-2.87419
> Shore Bin # 8419, Level 1
279.528	-3.50921
279.542	-3.52712
279.554	-3.52923
279.545	-3.53045
279.534	-3.52291
279.531	-3.52499
279.531	-3.53085
279.544	-3.53378
279.546	-3.53921
279.55	-3.54043
279.56	-3.52837
279.562	-3.51421
279.582	-3.50335
279.582	-3.49963
279.578	-3.5021
279.573	-3.50002
279.576	-3.49541
279.597	-3.49627
279.604	-3.49081
279.598	-3.48876
279.578	-3.49047
279.558	-3.5021
279.528	-3.50585
279.528	-3.50921
> Shore Bin # 8419, Level 1
279.696	-3.37588
279.699	-3.39168
279.707	-3.39959
279.71	-3.39751
279.704	-3.39007
279.704	-3.3771
279.712	-3.4013
279.717	-3.40377
279.746	-3.40294
279.764	-3.41253
279.753	-3.39666
279.749	-3.38418
279.742	-3.3846
279.741	-3.38207
279.73	-3.37877
279.725	-3.36165
279.719	-3.35918
279.718	-3.34835
279.727	-3.34087
279.727	-3.33715
279.717	-3.34334
279.696	-3.3742
279.696	-3.37588
> Shore Bin # 8419, Level 1
279.83	-3.36168
279.835	-3.36629
279.841	-3.36709
279.845	-3.36419
279.843	-3.35875
279.847	-3.36294
279.859	-3.36626
279.86	-3.37545
279.867	-3.37044
279.872	-3.3713
279.868	-3.36172
279.874	-3.35918
279.872	-3.35085
279.88	-3.338
279.882	-3.33001
279.868	-3.33547
279.867	-3.33208
279.857	-3.33129
279.84	-3.33626
279.83	-3.35836
279.83	-3.36168
> Shore Bin # 8419, Level 1
279.856	-2.86082
279.862	-2.86503
279.866	-2.87419
279.869	-2.87376
279.87	-2.86833
279.879	-2.86168
279.878	-2.85499
279.875	-2.85335
279.88	-2.84999
279.88	-2.84587
279.871	-2.84123
279.868	-2.85502
279.865	-2.85121
279.861	-2.85121
279.856	-2.85917
279.856	-2.86082
> Shore Bin # 8419, Level 1
279.913	-2.44337
279.925	-2.4542
279.925	-2.45924
279.915	-2.47086
279.925	-2.47205
279.935	-2.46
279.954	-2.40833
279.954	-2.405
279.948	-2.40293
279.937	-2.39045
279.929	-2.40003
279.932	-2.40504
279.931	-2.41505
279.923	-2.42255
279.913	-2.44083
279.913	-2.44337
> Shore Bin # 8419, Level 1
279.895	-2.8925
279.9	-2.89921
279.899	-2.90376
279.907	-2.90294
279.913	-2.91295
279.921	-2.91295
279.925	-2.91585
279.922	-2.93043
279.935	-2.92836
279.939	-2.91087
279.934	-2.90544
279.923	-2.89876
279.906	-2.89876
279.895	-2.89171
279.895	-2.8925
> Shore Bin # 8419, Level 1
279.939	-2.60249
279.942	-2.61045
279.953	-2.61207
279.957	-2.6096
279.955	-2.6146
279.964	-2.61543
279.973	-2.60999
279.972	-2.60713
279.965	-2.6071
279.982	-2.59962
279.988	-2.59333
279.944	-2.59379
279.939	-2.59837
279.939	-2.60249
> Shore Bin # 8419, Level 1
279.889	-2.92421
279.892	-2.93214
279.906	-2.93046
279.921	-2.93373
279.92	-2.92506
279.923	-2.91667
279.912	-2.91374
279.907	-2.90709
279.893	-2.90465
279.891	-2.90669
279.894	-2.90922
279.889	-2.91423
279.889	-2.92421
> Shore Bin # 8419, Level 1
279.869	-2.8784
279.883	-2.88292
279.89	-2.88792
279.886	-2.87001
279.9	-2.85921
279.899	-2.85167
279.882	-2.8488
279.878	-2.85335
279.88	-2.8542
279.88	-2.86253
279.872	-2.86833
279.869	-2.87587
279.869	-2.8784
> Shore Bin # 8419, Level 1
280	-2.43336
279.981	-2.42377
279.975	-2.42582
279.975	-2.43497
279.978	-2.44337
279.969	-2.4625
279.965	-2.48338
279.965	-2.49918
279.967	-2.50541
279.973	-2.50333
279.987	-2.48127
280	-2.47443
> Shore Bin # 8419, Level 1
280	-2.49244
279.987	-2.5034
279.984	-2.52668
279.977	-2.54417
279.964	-2.55583
279.952	-2.57377
279.936	-2.5792
279.932	-2.58421
279.932	-2.59007
279.937	-2.59297
280	-2.59059
> Shore Bin # 8419, Level 1
280	-2.35883
279.995	-2.36088
279.997	-2.38419
279.992	-2.38044
279.989	-2.38166
279.988	-2.40583
279.985	-2.41169
279.985	-2.41584
279.995	-2.42374
280	-2.42084
> Shore Bin # 8419, Level 1
279.714	-3.41588
279.722	-3.42208
279.738	-3.42043
279.748	-3.42342
279.761	-3.42254
279.743	-3.4096
279.727	-3.41381
279.714	-3.4117
279.714	-3.41588
> Shore Bin # 8419, Level 1
279.838	-3.42583
279.842	-3.42965
279.851	-3.42962
279.869	-3.42043
279.87	-3.41753
279.862	-3.41543
279.847	-3.42379
279.838	-3.42416
279.838	-3.42583
> Shore Bin # 8419, Level 1
279.81	-2.66249
279.812	-2.66459
279.821	-2.66288
279.829	-2.65583
279.83	-2.65083
279.824	-2.64958
279.81	-2.66084
279.81	-2.66249
> Shore Bin # 8419, Level 1
279.93	-2.57252
279.952	-2.56797
279.957	-2.56251
279.96	-2.55164
279.954	-2.55045
279.948	-2.55378
279.93	-2.57005
279.93	-2.57252
> Shore Bin # 8419, Level 1
280	-2.60044
279.99	-2.60212
279.985	-2.6092
279.981	-2.62586
279.983	-2.63044
279.997	-2.62797
280	-2.62678
> Shore Bin # 8419, Level 1
279.8	-2.65174
279.812	-2.65379
279.819	-2.64918
279.821	-2.6417
279.812	-2.64131
279.8	-2.65
279.8	-2.65174
> Shore Bin # 8419, Level 1
279.73	-3.37502
279.734	-3.37877
279.742	-3.37917
279.737	-3.37588
279.735	-3.37044
279.73	-3.37169
279.73	-3.37502
> Shore Bin # 8419, Level 1
279.772	-3.42504
279.778	-3.43124
279.795	-3.4309
279.782	-3.42379
279.772	-3.42416
279.772	-3.42504
> Shore Bin # 8419, Level 1
279.589	-3.5017
279.592	-3.50542
279.595	-3.50253
279.593	-3.49795
279.589	-3.49923
279.589	-3.5017
> Shore Bin # 8419, Level 1
279.736	-3.36669
279.738	-3.37249
279.744	-3.37542
279.741	-3.36336
279.736	-3.36504
279.736	-3.36669
> Shore Bin # 8419, Level 1
279.86	-2.69749
279.873	-2.69798
279.879	-2.69248
279.871	-2.69126
279.86	-2.69505
279.86	-2.69749
> Shore Bin # 8419, Level 1
279.807	-3.43499
279.815	-3.43713
279.818	-3.4334
279.815	-3.43044
279.807	-3.43252
279.807	-3.43499
> Shore Bin # 8419, Level 1
279.832	-3.42672
279.835	-3.42791
279.836	-3.42498
279.832	-3.42583
279.832	-3.42672
> Shore Bin # 8419, Level 1
280	-2.4134
279.995	-2.41212
279.991	-2.40668
279.995	-2.39878
280	-2.39878
> Shore Bin # 8419, Level 1
279.859	-2.84501
279.865	-2.84541
279.868	-2.84004
279.859	-2.84416
279.859	-2.84501
> Shore Bin # 8419, Level 1
279.789	-3.43584
279.795	-3.43709
279.797	-3.43413
279.789	-3.43416
279.789	-3.43584
> Shore Bin # 8419, Level 1
279.794	-2.68583
279.8	-2.68711
279.803	-2.67921
279.794	-2.68415
279.794	-2.68583
> Shore Bin # 8419, Level 1
279.558	-3.18087
279.576	-3.17009
279.568	-3.1696
279.558	-3.17919
279.558	-3.18087
> Shore Bin # 8419, Level 1
280	-2.40131
279.994	-2.40336
279.994	-2.40836
280	-2.41077
> Shore Bin # 8419, Level 1
280	-3.26207
279.992	-3.2817
279.997	-3.28209
280	-3.28008
> Shore Bin # 8419, Level 1
280	-2.57859
279.996	-2.57588
279.996	-2.57166
280	-2.56977
> Shore Bin # 8419, Level 1
279.731	-3.40923
279.736	-3.4067
279.731	-3.40835
279.731	-3.40923
> Shore Bin # 8419, Level 1
279.267	-2.40504
279.27	-2.40418
279.267	-2.40418
279.267	-2.40504
> Shore Bin # 8419, Level 1
279.579	-3.17086
279.582	-3.16921
279.579	-3.16921
279.579	-3.17086
> Shore Bin # 8419, Level 1
279.571	-3.15752
279.575	-3.15581
279.571	-3.15581
279.571	-3.15752
> Shore Bin # 8419, Level 1
279.831	-3.42
279.835	-3.42086
279.831	-3.41839
279.831	-3.42
> Shore Bin # 8419, Level 1
279.728	-3.41003
279.73	-3.40917
279.728	-3.40917
279.728	-3.41003
> Shore Bin # 8419, Level 1
279.584	-3.17009
279.587	-3.16921
279.584	-3.16921
279.584	-3.17009
> Shore Bin # 8419, Level 1
279.734	-2.61332
279.739	-2.61253
279.734	-2.61253
279.734	-2.61332
> Shore Bin # 8419, Level 1
279.799	-3.43413
279.802	-3.43413
279.8	-3.43294
279.799	-3.43413
> Shore Bin # 8419, Level 1
279.826	-2.64836
279.829	-2.64836
279.827	-2.64793
279.826	-2.64836
> Shore Bin # 8419, Level 1
280	-3.23836
279.998	-3.23839
280	-3.2455
> Shore Bin # 8419, Level 1
280	-2.57047
279.998	-2.57499
280	-2.57658
> Shore Bin # 8420, Level 1
280	-2.34183
280.022	-2.34293
280.036	-2.33167
280.024	-2.3321
280.022	-2.33005
280.022	-2.31714
280.024	-2.33045
280.037	-2.32877
280.043	-2.32251
280.043	-2.31754
280.025	-2.3042
280.027	-2.29502
280.037	-2.28504
280.021	-2.25751
280.02	-2.24918
280.015	-2.24753
280.021	-2.24878
280.027	-2.24457
280.032	-2.24457
280.04	-2.23169
280.033	-2.22791
280.026	-2.23124
280.032	-2.22666
280.022	-2.22382
280.02	-2.21918
280.042	-2.22959
280.037	-2.2096
280.043	-2.22669
280.052	-2.23044
280.051	-2.21497
280.056	-2.21125
280.054	-2.21497
280.055	-2.23084
280.064	-2.23209
280.07	-2.22422
280.069	-2.22788
280.074	-2.22788
280.081	-2.22129
280.087	-2.22214
280.084	-2.21756
280.087	-2.21668
280.084	-2.2096
280.088	-2.21424
280.089	-2.2342
280.095	-2.24167
280.092	-2.24457
280.09	-2.24048
280.088	-2.24585
280.092	-2.25006
280.093	-2.25919
280.097	-2.26084
280.09	-2.26252
280.087	-2.27164
280.095	-2.28043
280.125	-2.28629
280.13	-2.28168
280.13	-2.27668
280.125	-2.2692
280.135	-2.25501
280.12	-2.23917
280.116	-2.23163
280.116	-2.22007
280.122	-2.21711
280.142	-2.24042
280.145	-2.23923
280.143	-2.24247
280.152	-2.25043
280.161	-2.25211
280.164	-2.24918
280.165	-2.24421
280.16	-2.245
280.164	-2.23999
280.164	-2.23127
280.174	-2.23252
280.172	-2.24793
280.18	-2.24582
280.171	-2.25
280.175	-2.25583
280.175	-2.26917
280.17	-2.28669
280.177	-2.33753
280.169	-2.35996
280.168	-2.39335
280.189	-2.41334
280.202	-2.43836
280.205	-2.48173
280.22	-2.50004
280.227	-2.5167
280.23	-2.5196
280.235	-2.51872
280.253	-2.50001
280.254	-2.49
280.25	-2.47333
280.252	-2.46375
280.258	-2.4892
280.257	-2.50001
280.255	-2.50752
280.244	-2.52
280.244	-2.52457
280.255	-2.52174
280.265	-2.49998
280.266	-2.48585
280.276	-2.4846
280.281	-2.46998
280.287	-2.46751
280.284	-2.48835
280.27	-2.49418
280.276	-2.54667
280.285	-2.55665
280.282	-2.56007
280.284	-2.56504
280.279	-2.56916
280.279	-2.58335
280.285	-2.5875
280.285	-2.59669
280.284	-2.6092
280.278	-2.61668
280.271	-2.63587
280.259	-2.64295
280.241	-2.64836
280.247	-2.65962
280.234	-2.65544
280.224	-2.66163
280.219	-2.6775
280.219	-2.70249
280.226	-2.70332
280.228	-2.69126
280.233	-2.69587
280.228	-2.69746
280.23	-2.70332
280.225	-2.71086
280.226	-2.71586
280.219	-2.71629
280.214	-2.72248
280.214	-2.73668
280.22	-2.74
280.21	-2.74501
280.21	-2.75334
280.2	-2.77754
280.2	-2.78499
280.205	-2.78669
280.194	-2.78791
280.185	-2.79667
280.189	-2.80671
280.185	-2.84337
280.18	-2.85585
280.172	-2.86583
280.174	-2.86836
280.16	-2.87916
280.166	-2.88502
280.158	-2.88212
280.146	-2.89329
280.146	-2.89671
280.151	-2.90083
280.153	-2.91337
280.15	-2.91756
280.148	-2.96086
280.145	-2.97755
280.148	-2.98045
280.153	-2.97502
280.15	-2.98082
280.158	-2.99583
280.154	-3.00002
280.155	-3.01085
280.138	-3.03667
280.131	-3.05165
280.131	-3.0584
280.123	-3.06419
280.123	-3.06838
280.129	-3.07582
280.123	-3.0721
280.116	-3.07292
280.111	-3.07585
280.112	-3.0829
280.11	-3.08254
280.11	-3.07332
280.106	-3.07585
280.1	-3.09166
280.096	-3.14498
280.093	-3.15837
280.087	-3.16582
280.086	-3.17668
280.082	-3.17787
280.072	-3.18712
280.072	-3.18291
280.05	-3.18129
280.048	-3.18752
280.053	-3.19167
280.045	-3.19048
280.032	-3.19796
280.023	-3.20912
280.025	-3.21501
280.016	-3.21541
280.004	-3.2267
280	-3.23836
280	-3.23836
> Shore Bin # 8420, Level 1
280	-2.47443
280	-2.47419
280.004	-2.46625
280.017	-2.4679
280.037	-2.48127
280.051	-2.50706
280.06	-2.50501
280.06	-2.47333
280.067	-2.46461
280.074	-2.46085
280.066	-2.44416
280.06	-2.44462
280.057	-2.44041
280.052	-2.44004
280.057	-2.43796
280.061	-2.44208
280.068	-2.44123
280.072	-2.43171
280.064	-2.42335
280.07	-2.40751
280.063	-2.4083
280.063	-2.40046
280.071	-2.40211
280.075	-2.40668
280.072	-2.40751
280.067	-2.42084
280.068	-2.4246
280.08	-2.4221
280.091	-2.42799
280.094	-2.41666
280.103	-2.41587
280.102	-2.4188
280.094	-2.42167
280.094	-2.42585
280.1	-2.42881
280.089	-2.43046
280.076	-2.42417
280.076	-2.43336
280.071	-2.43668
280.07	-2.44337
280.074	-2.44999
280.078	-2.45167
280.077	-2.45585
280.083	-2.46125
280.094	-2.46293
280.102	-2.4575
280.101	-2.45173
280.105	-2.43919
280.108	-2.43458
280.113	-2.43339
280.104	-2.42338
280.104	-2.41999
280.117	-2.43171
280.117	-2.43711
280.123	-2.43583
280.118	-2.43915
280.12	-2.44498
280.124	-2.44788
280.115	-2.46583
280.116	-2.46961
280.099	-2.46632
280.093	-2.46915
280.094	-2.47211
280.069	-2.47333
280.068	-2.48167
280.075	-2.4842
280.07	-2.48585
280.072	-2.50498
280.064	-2.51292
280.052	-2.5146
280.037	-2.50962
280.023	-2.50962
280.02	-2.51337
280.02	-2.52168
280.026	-2.53751
280.03	-2.53959
280.041	-2.53544
280.047	-2.54212
280.055	-2.54463
280.06	-2.55335
280.06	-2.56168
280.065	-2.58085
280.077	-2.58958
280.084	-2.59043
280.086	-2.58836
280.083	-2.58418
280.083	-2.57667
280.088	-2.56873
280.085	-2.57588
280.087	-2.58546
280.092	-2.58457
280.105	-2.57002
280.113	-2.54585
280.117	-2.52006
280.127	-2.50086
280.135	-2.4542
280.146	-2.4275
280.142	-2.42084
280.141	-2.41083
280.143	-2.37339
280.15	-2.35499
280.152	-2.33252
280.157	-2.31336
280.15	-2.2742
280.139	-2.25794
280.129	-2.26835
280.132	-2.28458
280.123	-2.28794
280.12	-2.2854
280.097	-2.28293
280.097	-2.28751
280.088	-2.29416
280.089	-2.29709
280.092	-2.2967
280.093	-2.3021
280.097	-2.30088
280.089	-2.30918
280.09	-2.3125
280.087	-2.31336
280.087	-2.32627
280.085	-2.31208
280.064	-2.30958
280.061	-2.3125
280.06	-2.31836
280.063	-2.32004
280.056	-2.32251
280.058	-2.33002
280.055	-2.33249
280.055	-2.3375
280.053	-2.33503
280.054	-2.32959
280.048	-2.33045
280.027	-2.35624
280.018	-2.36164
280.029	-2.37504
280.021	-2.36548
280.012	-2.36124
280.01	-2.36252
280.008	-2.35959
280	-2.3588
280	-2.35883
> Shore Bin # 8420, Level 1
280.023	-2.25083
280.025	-2.25916
280.037	-2.27503
280.04	-2.28504
280.043	-2.2854
280.04	-2.28754
280.041	-2.29215
280.028	-2.29999
280.031	-2.30542
280.05	-2.31293
280.055	-2.30457
280.062	-2.30085
280.062	-2.29795
280.074	-2.30002
280.073	-2.29584
280.061	-2.28666
280.061	-2.28254
280.066	-2.28086
280.066	-2.27753
280.062	-2.27506
280.062	-2.2692
280.057	-2.26419
280.061	-2.25919
280.053	-2.25504
280.069	-2.25715
280.073	-2.25086
280.07	-2.24082
280.062	-2.23374
280.044	-2.23044
280.036	-2.24546
280.025	-2.24878
280.023	-2.25083
> Shore Bin # 8420, Level 1
280.112	-2.64671
280.12	-2.65376
280.135	-2.65708
280.137	-2.65547
280.148	-2.66459
280.155	-2.66377
280.167	-2.65501
280.167	-2.61085
280.177	-2.58589
280.186	-2.54502
280.165	-2.48249
280.154	-2.46458
280.148	-2.47166
280.14	-2.49421
280.139	-2.53336
280.121	-2.58918
280.119	-2.615
280.126	-2.61173
280.121	-2.61793
280.118	-2.61753
280.117	-2.61292
280.115	-2.61421
280.112	-2.63334
280.112	-2.64671
> Shore Bin # 8420, Level 1
280	-2.57658
280.008	-2.58253
280.005	-2.59498
280.008	-2.59712
280.027	-2.59788
280.048	-2.60294
280.074	-2.59419
280.061	-2.58167
280.056	-2.56336
280.057	-2.55082
280.047	-2.5463
280.04	-2.53877
280.026	-2.54124
280.022	-2.53666
280.02	-2.52753
280.018	-2.52915
280.018	-2.51084
280.022	-2.50626
280.031	-2.50626
280.034	-2.49757
280.029	-2.49207
280.016	-2.48545
280.008	-2.48545
280	-2.49244
> Shore Bin # 8420, Level 1
280.207	-2.57667
280.22	-2.60835
280.229	-2.61668
280.23	-2.62254
280.242	-2.63044
280.25	-2.63044
280.261	-2.60749
280.271	-2.60002
280.267	-2.57835
280.264	-2.57545
280.252	-2.57462
280.247	-2.56837
280.248	-2.56541
280.256	-2.5713
280.265	-2.57124
280.275	-2.55753
280.265	-2.5225
280.262	-2.52131
280.25	-2.52793
280.222	-2.53208
280.207	-2.56751
280.207	-2.57667
> Shore Bin # 8420, Level 1
280.158	-2.44419
280.16	-2.45167
280.17	-2.46668
280.173	-2.48502
280.181	-2.50086
280.199	-2.52543
280.205	-2.5304
280.211	-2.52793
280.218	-2.52003
280.218	-2.51585
280.199	-2.48585
280.195	-2.44251
280.18	-2.41047
280.169	-2.40629
280.162	-2.40836
280.158	-2.43919
280.158	-2.44419
> Shore Bin # 8420, Level 1
280	-2.81386
280.006	-2.80711
280.02	-2.80125
280.032	-2.7921
280.069	-2.79124
280.084	-2.77711
280.092	-2.77379
280.103	-2.74339
280.099	-2.73548
280.092	-2.7346
280.064	-2.71791
280.057	-2.71833
280.054	-2.71458
280.039	-2.71128
280.015	-2.68959
280	-2.68232
> Shore Bin # 8420, Level 1
280.065	-2.23423
280.075	-2.245
280.075	-2.25418
280.07	-2.25834
280.071	-2.2667
280.085	-2.27625
280.091	-2.25507
280.09	-2.25006
280.085	-2.24421
280.09	-2.2392
280.085	-2.23081
280.085	-2.22419
280.083	-2.22293
280.075	-2.22876
280.065	-2.23084
280.065	-2.23423
> Shore Bin # 8420, Level 1
280.059	-2.26419
280.063	-2.26835
280.063	-2.2742
280.068	-2.27668
280.068	-2.28168
280.062	-2.28418
280.063	-2.28754
280.074	-2.29416
280.076	-2.30045
280.085	-2.30298
280.084	-2.2775
280.07	-2.2667
280.068	-2.25962
280.063	-2.25962
280.059	-2.26419
> Shore Bin # 8420, Level 1
280.001	-2.64424
280.013	-2.65043
280.063	-2.65461
280.066	-2.65168
280.066	-2.63502
280.062	-2.61665
280.057	-2.61045
280.047	-2.60713
280.036	-2.62043
280.001	-2.6417
280.001	-2.64424
> Shore Bin # 8420, Level 1
280	-2.41077
280.004	-2.41251
280.005	-2.42002
280.001	-2.42502
280.003	-2.4325
280.007	-2.43381
280.018	-2.43043
280.019	-2.43253
280.004	-2.43543
280	-2.43336
> Shore Bin # 8420, Level 1
280	-2.62678
280.013	-2.62043
280.03	-2.61793
280.04	-2.6092
280.039	-2.60627
280.027	-2.60294
280.005	-2.60044
280	-2.60044
280	-2.60044
> Shore Bin # 8420, Level 1
280.104	-2.4517
280.107	-2.45496
280.107	-2.46632
280.113	-2.46543
280.12	-2.44965
280.106	-2.44791
280.104	-2.45084
280.104	-2.4517
> Shore Bin # 8420, Level 1
280.197	-2.62168
280.209	-2.62876
280.221	-2.61918
280.22	-2.61421
280.205	-2.5929
280.199	-2.59751
280.197	-2.62083
280.197	-2.62168
> Shore Bin # 8420, Level 1
280.184	-2.5142
280.186	-2.52583
280.193	-2.53837
280.197	-2.54041
280.202	-2.53083
280.189	-2.5142
280.184	-2.51173
280.184	-2.5142
> Shore Bin # 8420, Level 1
280.086	-2.28168
280.088	-2.28959
280.095	-2.28669
280.095	-2.28251
280.092	-2.27878
280.086	-2.27836
280.086	-2.28168
> Shore Bin # 8420, Level 1
280.085	-2.6742
280.092	-2.6771
280.094	-2.67417
280.091	-2.66212
280.087	-2.66252
280.085	-2.67085
280.085	-2.6742
> Shore Bin # 8420, Level 1
280	-3.28008
280.002	-3.27877
280.011	-3.27999
280.008	-3.28212
280.002	-3.28045
280	-3.2813
> Shore Bin # 8420, Level 1
280	-2.39878
280.005	-2.39878
280.016	-2.40668
280.003	-2.40296
280	-2.40131
280	-2.40131
> Shore Bin # 8420, Level 1
280.106	-2.44584
280.12	-2.44749
280.114	-2.43543
280.11	-2.43626
280.106	-2.44254
280.106	-2.44584
> Shore Bin # 8420, Level 1
280	-2.56977
280.004	-2.56751
280.001	-2.56962
280	-2.57041
280	-2.57047
> Shore Bin # 8420, Level 1
280	-2.59059
280.004	-2.59043
280.005	-2.58253
280	-2.57859
> Shore Bin # 8420, Level 1
280	-2.42084
280.003	-2.41917
280.003	-2.41416
280	-2.4134
> Shore Bin # 8420, Level 1
280	-3.2455
280.003	-3.25499
280	-3.26207
> Shore Bin # 8420, Level 2
280.144	-2.20667
280.141	-2.2175
280.143	-2.22861
280.139	-2.22971
280.115	-2.20557
280.112	-2.19501
280.114	-2.18973
280.124	-2.18582
280.134	-2.18918
280.142	-2.20029
280.144	-2.20667
