# Data from the high resolution GMT shoreline, borders, and rivers database
> Shore Bin # 4257, Level 1
235.863	44
235.858	43.9592
235.833	43.8141
235.807	43.7076
235.794	43.6739
235.805	43.6758
235.811	43.6823
235.813	43.6797
235.804	43.6719
235.793	43.6687
235.769	43.565
235.737	43.4838
235.698	43.4104
235.661	43.3575
235.667	43.356
235.681	43.3639
235.692	43.3824
235.716	43.4005
235.719	43.4123
235.728	43.4216
235.734	43.425
235.749	43.426
235.754	43.4342
235.76	43.4308
235.765	43.4317
235.771	43.4547
235.778	43.4507
235.795	43.456
235.802	43.4681
235.808	43.4671
235.802	43.4623
235.798	43.4511
235.786	43.4479
235.778	43.4362
235.781	43.4332
235.792	43.4322
235.8	43.4209
235.81	43.4216
235.802	43.4124
235.8	43.4068
235.804	43.4035
235.801	43.401
235.812	43.3956
235.813	43.3883
235.82	43.3881
235.825	43.3834
235.81	43.3725
235.792	43.3743
235.783	43.3833
235.783	43.4235
235.772	43.4266
235.759	43.4259
235.742	43.4188
235.742	43.4151
235.721	43.3979
235.715	43.3839
235.703	43.3753
235.698	43.3644
235.693	43.3648
235.687	43.3592
235.68	43.3409
235.677	43.3451
235.68	43.3515
235.673	43.3499
235.653	43.3523
235.644	43.3449
235.637	43.3449
235.631	43.3407
235.625	43.3416
235.625	43.3351
235.613	43.3308
235.612	43.3242
235.597	43.3063
235.6	43.3018
235.604	43.3035
235.612	43.2911
235.612	43.2778
235.617	43.27
235.604	43.2304
235.605	43.213
235.598	43.1868
235.576	43.1297
235.563	43.1152
235.568	43.0987
235.563	43.0647
235.55	43.0236
235.503	42.9237
235.476	42.884
235.464	42.8764
235.465	42.8685
235.449	42.8452
235.442	42.8399
235.434	42.8432
235.432	42.8392
235.434	42.8341
235.447	42.8308
235.465	42.8133
235.475	42.7924
235.485	42.7352
235.49	42.7342
235.495	42.7392
235.508	42.7417
235.524	42.7333
235.545	42.6917
235.551	42.6874
235.547	42.6747
235.582	42.6615
235.588	42.65
235.583	42.6466
235.587	42.6436
235.584	42.6415
235.593	42.6356
235.592	42.6291
235.597	42.6254
235.596	42.5972
235.59	42.596
235.595	42.5907
235.6	42.5913
235.605	42.583
235.602	42.5774
235.609	42.5754
235.609	42.5691
235.593	42.5282
235.576	42.4967
235.579	42.4902
235.573	42.4767
235.577	42.4748
235.577	42.4664
235.572	42.4632
235.578	42.4591
235.562	42.4385
235.566	42.4202
235.577	42.4276
235.584	42.4283
235.584	42.426
235.568	42.4191
235.573	42.4042
235.574	42.373
235.571	42.3348
235.566	42.3293
235.57	42.3184
235.577	42.3207
235.59	42.2921
235.586	42.2523
235.619	42.2223
235.62	42.2088
235.624	42.2068
235.622	42.1966
235.628	42.1942
235.633	42.1829
235.637	42.181
235.634	42.1693
235.638	42.1613
235.631	42.1566
235.638	42.1434
235.643	42.1424
235.646	42.1364
235.645	42.1217
235.641	42.1181
235.647	42.111
235.645	42.1022
235.651	42.0981
235.655	42.0988
235.662	42.0876
235.673	42.0823
235.679	42.0674
235.692	42.0625
235.7	42.0502
235.709	42.0474
235.708	42.0415
235.712	42.0447
235.718	42.0423
235.729	42.0444
235.745	42.028
235.761	42.0224
235.767	42.0135
235.778	42.0086
235.788	42
> Shore Bin # 4258, Level 2
237.919	42.9872
237.935	42.9847
237.95	42.9742
237.947	42.9511
237.933	42.9344
237.923	42.9278
237.902	42.9233
237.867	42.9264
237.854	42.9306
237.845	42.9375
237.841	42.948
237.852	42.9675
237.875	42.978
237.911	42.9853
237.919	42.9872
> Shore Bin # 4258, Level 2
238	42.4156
237.989	42.4072
237.974	42.4108
237.962	42.4214
237.951	42.4475
237.918	42.4764
237.92	42.4817
237.942	42.4853
237.952	42.4986
237.958	42.5014
237.983	42.5014
237.996	42.5058
238	42.5153
> Shore Bin # 4259, Level 2
238	42.5153
238.003	42.5214
238.001	42.5406
238.005	42.5444
238.024	42.5508
238.027	42.5556
238.023	42.5789
238.033	42.5855
238.049	42.5872
238.054	42.5906
238.056	42.6033
238.044	42.6283
238.048	42.6314
238.055	42.6286
238.061	42.6203
238.065	42.6133
238.074	42.5792
238.066	42.5364
238.054	42.5245
238.024	42.5133
238.017	42.5047
238.016	42.4925
238.039	42.4742
238.052	42.4697
238.084	42.4725
238.101	42.4706
238.175	42.4164
238.187	42.3847
238.184	42.3658
238.174	42.3447
238.182	42.3167
238.172	42.2964
238.179	42.2806
238.195	42.2653
238.189	42.2422
238.18	42.2417
238.165	42.2517
238.147	42.28
238.119	42.2997
238.106	42.3172
238.091	42.3161
238.072	42.303
238.06	42.308
238.055	42.3183
238.055	42.3428
238.089	42.3522
238.094	42.3556
238.098	42.3664
238.067	42.3978
238.057	42.4042
238.046	42.3992
238.039	42.3903
238.031	42.3897
238.026	42.4131
238.016	42.4194
238.003	42.4178
238	42.4156
> Shore Bin # 4259, Level 2
239.852	42.6914
239.837	42.6667
239.824	42.6331
239.821	42.5847
239.777	42.5406
239.761	42.5317
239.755	42.5339
239.753	42.5389
239.747	42.5805
239.731	42.6017
239.725	42.617
239.722	42.6408
239.73	42.6906
239.751	42.7169
239.756	42.7278
239.76	42.7317
239.767	42.7328
239.852	42.7236
239.861	42.7164
239.861	42.7103
239.854	42.6947
239.852	42.6914
> Shore Bin # 4259, Level 2
238.266	43.7144
238.276	43.7081
238.322	43.6925
238.331	43.6855
238.338	43.6711
238.329	43.6636
238.329	43.6397
238.321	43.6311
238.306	43.635
238.279	43.6622
238.258	43.6675
238.214	43.6706
238.199	43.6744
238.197	43.6792
238.2	43.6839
238.226	43.6928
238.236	43.7003
238.242	43.7233
238.248	43.7253
238.259	43.7194
238.266	43.7144
> Shore Bin # 4259, Level 2
239.249	42.8867
239.258	42.8719
239.282	42.8492
239.302	42.8106
239.304	42.7872
239.287	42.772
239.271	42.7706
239.239	42.775
239.221	42.7836
239.211	42.7955
239.21	42.8408
239.203	42.875
239.23	42.9022
239.237	42.9039
239.243	42.9011
239.247	42.89
239.249	42.8867
> Shore Bin # 4259, Level 2
239.52	42
239.516	42.007
239.5	42.0156
239.498	42.0272
239.519	42.0614
239.558	42.1022
239.575	42.1092
239.608	42.1053
239.614	42.1044
239.641	42.0897
239.664	42.0728
239.684	42.0472
239.687	42.0356
239.68	42.0058
239.68	42
> Shore Bin # 4260, Level 2
241.269	43.3803
241.311	43.3817
241.317	43.3792
241.339	43.3611
241.339	43.3494
241.332	43.3417
241.293	43.3367
241.271	43.3261
241.259	43.3136
241.251	43.2914
241.238	43.2803
241.231	43.2794
241.217	43.2964
241.199	43.2883
241.185	43.2864
241.166	43.3003
241.146	43.3058
241.061	43.3017
241.052	43.3022
241.04	43.3081
241.042	43.3197
241.047	43.3222
241.113	43.3336
241.146	43.3428
241.193	43.3783
241.215	43.3814
241.237	43.3761
241.244	43.378
241.246	43.3833
241.262	43.3839
241.269	43.3803
> Shore Bin # 4260, Level 2
240.867	43.2947
240.876	43.2958
240.925	43.2889
240.945	43.2825
240.958	43.2708
240.965	43.2508
240.946	43.2011
240.933	43.19
240.917	43.1881
240.9	43.19
240.881	43.2033
240.858	43.2017
240.842	43.2036
240.805	43.225
240.793	43.2367
240.794	43.255
240.806	43.2667
240.833	43.2875
240.86	43.2958
240.867	43.2947
> Shore Bin # 4263, Level 2
247.329	43.0522
247.339	43.0383
247.356	43.0311
247.366	43.0186
247.377	43.0119
247.387	42.9986
247.423	42.9892
247.428	42.9858
247.426	42.9797
247.37	42.9528
247.319	42.9378
247.3	42.9161
247.298	42.8908
247.287	42.885
247.251	42.8803
247.226	42.8714
247.196	42.8372
247.182	42.8269
247.135	42.8078
247.121	42.8242
247.121	42.8305
247.14	42.8439
247.148	42.8528
247.149	42.865
247.157	42.8725
247.175	42.8803
247.204	42.9155
247.228	42.9325
247.247	42.9389
247.246	42.9564
247.261	42.9672
247.269	43.0064
247.291	43.0333
247.296	43.0569
247.315	43.0694
247.325	43.0686
247.328	43.0586
247.329	43.0522
> Shore Bin # 4263, Level 2
246.616	42.6917
246.648	42.6883
246.677	42.68
246.688	42.6681
246.683	42.6508
246.675	42.6522
246.659	42.6617
246.629	42.6686
246.592	42.6705
246.563	42.6669
246.531	42.6656
246.525	42.6675
246.529	42.6783
246.545	42.6864
246.56	42.6878
246.577	42.6842
246.602	42.6917
246.616	42.6917
> Shore Bin # 4437, Level 1
235.788	42
235.79	41.9979
235.795	41.9812
235.79	41.95
235.796	41.9429
235.793	41.896
235.772	41.8217
235.759	41.7982
235.744	41.7839
235.749	41.7732
235.744	41.7706
235.757	41.7709
235.784	41.7501
235.802	41.7443
235.805	41.7443
235.802	41.7485
235.806	41.7508
235.815	41.75
235.818	41.7458
235.834	41.7394
235.851	41.7231
235.857	41.7033
235.857	41.6875
235.862	41.6802
235.859	41.6735
235.864	41.6565
235.879	41.6418
235.884	41.615
235.899	41.6017
235.896	41.5949
235.903	41.5849
235.899	41.5677
235.907	41.5535
235.925	41.5441
235.917	41.519
235.932	41.4782
235.936	41.4447
235.931	41.3784
235.913	41.3242
235.915	41.319
235.902	41.2652
235.894	41.2435
235.889	41.2395
235.893	41.2348
235.893	41.2279
235.856	41.1474
235.85	41.1431
235.842	41.1448
235.836	41.1407
235.835	41.1311
235.84	41.1173
235.839	41.1064
235.835	41.1033
235.844	41.089
235.84	41.0871
235.843	41.0779
235.84	41.072
235.849	41.0634
235.846	41.0525
235.853	41.0528
235.854	41.0583
235.86	41.0575
235.875	41.0466
235.887	41.0289
235.883	40.9953
235.862	40.9269
235.832	40.8632
235.782	40.785
235.765	40.7685
235.772	40.7603
235.777	40.76
235.782	40.7685
235.8	40.7839
235.814	40.8137
235.819	40.8149
235.819	40.8066
235.811	40.7971
235.801	40.7728
235.797	40.7742
235.794	40.7719
235.801	40.7577
235.798	40.7507
235.79	40.745
235.776	40.7429
235.773	40.7463
235.774	40.7498
235.764	40.7593
235.727	40.7092
235.68	40.6358
235.681	40.6306
235.69	40.6349
235.691	40.6296
235.678	40.6292
235.674	40.6263
235.635	40.5574
235.625	40.5341
235.609	40.5131
235.614	40.5019
235.613	40.4949
235.605	40.4715
235.59	40.4497
235.587	40.4417
235.605	40.4097
235.617	40.4025
235.629	40.3882
235.633	40.3748
235.633	40.3484
235.637	40.3384
235.648	40.324
235.65	40.3164
235.635	40.2832
235.635	40.2603
235.647	40.2499
235.67	40.2383
235.674	40.2297
235.708	40.2041
235.722	40.1987
235.74	40.1834
235.763	40.1743
235.786	40.1565
235.811	40.13
235.826	40.1233
235.859	40.1157
235.889	40.1036
235.912	40.0787
235.919	40.0642
235.918	40.0318
235.924	40.0248
235.93	40.0216
235.94	40.0251
235.961	40.015
235.977	40
> Shore Bin # 4437, Level 2
235.836	41.8467
235.836	41.8222
235.823	41.8122
235.816	41.8103
235.809	41.8122
235.802	41.8408
235.804	41.8464
235.831	41.8606
235.835	41.8564
235.836	41.8467
> Shore Bin # 4438, Level 2
237.791	40.8864
237.784	40.8639
237.757	40.8436
237.756	40.8258
237.729	40.8033
237.724	40.7944
237.726	40.7775
237.734	40.7697
237.759	40.7692
237.772	40.7731
237.798	40.7875
237.825	40.7944
237.833	40.7936
237.836	40.7886
237.832	40.7839
237.806	40.7695
237.804	40.7642
237.809	40.7606
237.834	40.76
237.848	40.7564
237.863	40.7581
237.899	40.7783
237.907	40.7775
237.907	40.7708
237.89	40.7561
237.86	40.7445
237.823	40.74
237.801	40.7445
237.782	40.7578
237.774	40.7567
237.768	40.7481
237.756	40.7433
237.736	40.7556
237.713	40.7581
237.629	40.7414
237.619	40.7355
237.609	40.7219
237.599	40.7161
237.592	40.7183
237.582	40.7308
237.559	40.7333
237.555	40.7375
237.558	40.7414
237.574	40.7492
237.584	40.7628
237.586	40.7811
237.593	40.7794
237.611	40.765
237.622	40.7686
237.615	40.8031
237.599	40.8311
237.629	40.8258
237.67	40.8242
237.667	40.8194
237.647	40.807
237.641	40.7975
237.65	40.79
237.661	40.772
237.674	40.7683
237.688	40.7714
237.701	40.7819
237.712	40.8083
237.739	40.8297
237.743	40.8656
237.764	40.87
237.773	40.8764
237.776	40.9083
237.782	40.9064
237.789	40.8911
237.791	40.8864
> Shore Bin # 4439, Level 2
239.787	40.3247
239.812	40.2694
239.82	40.2236
239.843	40.2
239.848	40.1842
239.844	40.1803
239.836	40.1814
239.801	40.21
239.719	40.2444
239.713	40.2425
239.696	40.2267
239.691	40.1956
239.693	40.1833
239.705	40.1775
239.726	40.1739
239.758	40.1761
239.768	40.1697
239.77	40.1642
239.767	40.1525
239.76	40.1439
239.755	40.1408
239.739	40.1414
239.715	40.1505
239.673	40.1805
239.651	40.1911
239.592	40.2306
239.559	40.2583
239.556	40.2694
239.586	40.2806
239.632	40.285
239.672	40.2944
239.756	40.3389
239.773	40.3397
239.78	40.3319
239.787	40.3247
> Shore Bin # 4439, Level 2
239.336	40.7225
239.342	40.7128
239.347	40.6914
239.349	40.6661
239.345	40.6547
239.34	40.6514
239.332	40.6525
239.315	40.6667
239.308	40.6683
239.301	40.6664
239.303	40.6419
239.297	40.6339
239.278	40.6269
239.279	40.6094
239.273	40.6
239.233	40.5545
239.222	40.5492
239.207	40.5517
239.197	40.5589
239.196	40.57
239.236	40.6161
239.245	40.6364
239.233	40.6811
239.235	40.6933
239.24	40.695
239.261	40.6889
239.273	40.6933
239.28	40.7019
239.284	40.7208
239.294	40.7333
239.321	40.74
239.331	40.7336
239.337	40.7244
239.336	40.7225
> Shore Bin # 4439, Level 2
238.944	41.8894
238.949	41.8714
238.949	41.847
238.945	41.8356
238.938	41.8344
238.932	41.8372
238.912	41.8625
238.899	41.8736
238.874	41.882
238.869	41.8786
238.871	41.8664
238.894	41.8247
238.887	41.8167
238.866	41.8053
238.86	41.8025
238.851	41.8028
238.835	41.8314
238.808	41.8594
238.789	41.8914
238.793	41.8953
238.791	41.9008
238.786	41.9036
238.791	41.907
238.832	41.9022
238.849	41.9039
238.869	41.9086
238.901	41.9256
238.918	41.9264
238.93	41.9217
238.939	41.9133
238.943	41.8969
238.944	41.8894
> Shore Bin # 4439, Level 2
239.68	42
239.679	41.9603
239.673	41.9508
239.654	41.938
239.644	41.9239
239.642	41.8928
239.629	41.8597
239.631	41.8222
239.628	41.8108
239.598	41.7914
239.528	41.77
239.523	41.7728
239.524	41.785
239.528	41.7883
239.537	41.7881
239.54	41.8008
239.527	41.8183
239.528	41.8539
239.506	41.8845
239.497	41.9244
239.517	41.9525
239.518	41.9583
239.509	41.9786
239.521	41.9972
239.52	42
> Shore Bin # 4439, Level 2
238.916	40.2697
238.928	40.238
238.93	40.2075
238.926	40.1958
238.915	40.1914
238.888	40.2061
238.84	40.2253
238.81	40.2444
238.796	40.2597
238.794	40.2653
238.804	40.2922
238.811	40.3017
238.819	40.3005
238.828	40.2942
238.836	40.2947
238.868	40.2317
238.875	40.2336
238.872	40.2514
238.874	40.2636
238.881	40.2722
238.89	40.278
238.904	40.2811
238.914	40.2747
238.916	40.2697
> Shore Bin # 4440, Level 2
241.74	40.7136
241.749	40.7064
241.766	40.6986
241.782	40.6969
241.779	40.6931
241.765	40.6906
241.726	40.6972
241.719	40.6956
241.696	40.6717
241.689	40.6503
241.673	40.6333
241.682	40.6136
241.709	40.6056
241.717	40.5656
241.696	40.5033
241.692	40.5136
241.698	40.5728
241.69	40.5861
241.671	40.6056
241.662	40.6258
241.661	40.6436
241.665	40.6611
241.68	40.6847
241.689	40.6919
241.706	40.6992
241.718	40.7183
241.733	40.7203
241.738	40.7164
241.74	40.7136
> Shore Bin # 4440, Level 2
240.399	40
240.394	40.0211
240.387	40.0364
240.371	40.0514
240.328	40.0736
240.319	40.1061
240.305	40.1283
240.309	40.1397
240.335	40.1461
240.341	40.1697
240.351	40.183
240.402	40.2061
240.415	40.2094
240.482	40.2039
240.493	40.1981
240.5	40.1833
240.502	40.1778
240.513	40.1078
240.524	40.0639
240.521	40.0381
240.516	40.028
240.515	40.0028
240.515	40
> Shore Bin # 4440, Level 2
241.343	40
241.341	40.0047
241.349	40.0494
241.36	40.0625
241.381	40.0731
241.396	40.0717
241.394	40.0661
241.388	40.0639
241.386	40.0597
241.37	40.0511
241.363	40.0433
241.358	40.0325
241.358	40.0067
241.355	40
> Shore Bin # 4440, Level 2
241.376	40
241.374	40.0011
241.378	40.0269
241.372	40.0428
241.399	40.0558
241.404	40.0528
241.402	40.0475
241.4	40.04
241.408	40.007
241.407	40.0008
241.406	40
> Shore Bin # 4443, Level 2
248	40.9301
247.989	40.9233
247.961	40.9117
247.946	40.9097
247.93	40.9128
247.913	40.927
247.895	40.9597
247.875	40.9719
247.88	40.983
247.877	40.9939
247.848	41.0195
247.829	41.0508
247.809	41.0639
247.785	41.0683
247.767	41.077
247.761	41.0747
247.759	41.0689
247.744	41.0603
247.739	41.0489
247.741	41.0383
247.76	41.0119
247.758	40.9639
247.794	40.888
247.826	40.8636
247.839	40.8472
247.841	40.8128
247.836	40.8014
247.825	40.7889
247.815	40.7667
247.802	40.7556
247.731	40.7297
247.69	40.7064
247.677	40.6953
247.653	40.6875
247.639	40.6889
247.63	40.7022
247.628	40.7633
247.621	40.7833
247.579	40.8081
247.56	40.8272
247.555	40.8367
247.549	40.8819
247.51	40.9442
247.479	40.9492
247.47	40.957
247.463	40.983
247.463	41.0186
247.438	41.0542
247.429	41.0783
247.421	41.0858
247.414	41.0881
247.389	41.0897
247.383	41.0875
247.332	41.0178
247.317	40.9711
247.244	41.0447
247.238	41.0714
247.236	41.1436
247.223	41.1786
247.186	41.2178
247.173	41.2542
247.167	41.2628
247.142	41.2839
247.137	41.2995
247.087	41.3378
247.097	41.3589
247.081	41.3739
247.051	41.4372
247.052	41.4481
247.06	41.4556
247.063	41.4669
247.047	41.4822
247.042	41.4931
247.048	41.5233
247.046	41.5414
247.051	41.5594
247.062	41.5728
247.081	41.5853
247.084	41.5914
247.08	41.6261
247.111	41.6617
247.127	41.6683
247.219	41.6822
247.235	41.6792
247.24	41.6753
247.237	41.6653
247.234	41.66
247.218	41.6431
247.214	41.6194
247.22	41.5989
247.226	41.5592
247.243	41.5261
247.258	41.5103
247.282	41.4936
247.3	41.4683
247.316	41.4592
247.346	41.4517
247.371	41.4292
247.393	41.4231
247.428	41.4286
247.434	41.4258
247.441	41.3992
247.449	41.3858
247.496	41.3403
247.498	41.3297
247.492	41.3033
247.493	41.2855
247.509	41.2456
247.524	41.2242
247.535	41.2175
247.576	41.2136
247.594	41.2192
247.607	41.2311
247.624	41.2383
247.653	41.2414
247.668	41.2381
247.689	41.22
247.708	41.2128
247.728	41.1997
247.735	41.1914
247.743	41.1667
247.754	41.1544
247.805	41.1275
247.812	41.1145
247.807	41.103
247.812	41.0936
247.839	41.0856
247.875	41.0689
247.883	41.0556
247.902	41.0372
247.91	41.0233
247.894	40.9997
247.895	40.9942
247.909	40.983
247.933	40.9792
247.939	40.9461
247.945	40.9381
247.966	40.9319
248	40.9371
> Shore Bin # 4443, Level 3
247.698	41.1814
247.69	41.1878
247.67	41.1944
247.627	41.1892
247.616	41.1833
247.656	41.1767
247.704	41.1369
247.717	41.1328
247.723	41.135
247.724	41.1467
247.701	41.1764
247.698	41.1814
> Shore Bin # 4617, Level 1
235.977	40
235.981	39.997
235.985	39.9886
235.993	39.9848
236	39.977
> Shore Bin # 4618, Level 1
236	39.977
236.008	39.9675
236.02	39.9603
236.044	39.9222
236.059	39.9111
236.069	39.908
236.093	39.8593
236.114	39.8452
236.148	39.8301
236.153	39.8053
236.159	39.793
236.16	39.7546
236.165	39.7406
236.162	39.7385
236.168	39.7346
236.167	39.7234
236.19	39.7084
236.203	39.6874
236.205	39.6658
236.211	39.6596
236.213	39.6503
236.211	39.6254
236.216	39.6205
236.215	39.6118
236.209	39.602
236.213	39.5913
236.221	39.5823
236.221	39.5727
236.228	39.5682
236.232	39.5581
236.211	39.5043
236.201	39.49
236.193	39.4901
236.196	39.4857
236.194	39.4733
236.183	39.4521
236.184	39.4412
236.177	39.4386
236.181	39.4303
236.19	39.4283
236.179	39.4232
236.187	39.4168
236.177	39.4055
236.179	39.3884
236.176	39.3785
236.181	39.3768
236.172	39.3669
236.182	39.3611
236.174	39.3613
236.176	39.3544
236.171	39.3484
236.182	39.3378
236.18	39.3332
236.187	39.3267
236.193	39.3274
236.191	39.3232
236.198	39.3183
236.197	39.3139
236.19	39.3112
236.188	39.3064
236.194	39.2992
236.198	39.3016
236.205	39.3001
236.202	39.2981
236.203	39.2911
236.196	39.2908
236.195	39.2794
236.2	39.27
236.207	39.2713
236.215	39.2582
236.213	39.2522
236.224	39.2391
236.219	39.2316
236.228	39.2275
236.222	39.2236
236.229	39.2152
236.223	39.2127
236.229	39.2012
236.226	39.1984
236.229	39.192
236.234	39.1927
236.242	39.1869
236.247	39.1735
236.264	39.1575
236.261	39.1534
236.265	39.1388
236.27	39.1408
236.279	39.1341
236.279	39.1228
236.285	39.1154
236.285	39.1084
236.291	39.1042
236.292	39.0884
236.304	39.0614
236.308	39.0445
236.304	39.042
236.305	39.0367
236.309	39.0351
236.303	39.0025
236.297	38.9993
236.269	38.9579
236.256	38.9561
236.27	38.9367
236.268	38.9216
236.273	38.9177
236.286	38.916
236.286	38.9118
236.296	38.9003
236.311	38.893
236.318	38.8818
236.334	38.875
236.342	38.8654
236.352	38.8436
236.358	38.8433
236.372	38.8311
236.386	38.8267
236.395	38.82
236.398	38.8123
236.394	38.8111
236.395	38.8078
236.401	38.8092
236.412	38.8008
236.421	38.8008
236.436	38.7904
236.437	38.7849
236.454	38.7779
236.464	38.767
236.465	38.7599
236.471	38.7564
236.472	38.7516
236.485	38.7418
236.505	38.738
236.515	38.7269
236.538	38.7181
236.546	38.7061
236.552	38.7042
236.566	38.6897
236.563	38.6831
236.566	38.6796
236.58	38.6746
236.592	38.6593
236.59	38.6553
236.596	38.6492
236.6	38.6489
236.598	38.6463
236.605	38.6411
236.603	38.6383
236.61	38.6354
236.61	38.6307
236.624	38.617
236.63	38.6141
236.631	38.6103
236.627	38.6091
236.629	38.6043
236.64	38.5975
236.648	38.5973
236.655	38.5903
236.661	38.5833
236.658	38.5732
236.665	38.566
236.669	38.5665
236.676	38.5599
236.693	38.5558
236.695	38.5477
236.714	38.5398
236.722	38.5317
236.726	38.5324
236.745	38.511
236.753	38.5125
236.762	38.51
236.769	38.5025
236.798	38.494
236.832	38.4749
236.836	38.4679
236.845	38.4648
236.845	38.4615
236.855	38.4559
236.867	38.453
236.877	38.4307
236.897	38.4105
236.899	38.3956
236.912	38.3895
236.927	38.3635
236.93	38.3395
236.924	38.3232
236.919	38.3228
236.928	38.3153
236.933	38.3018
236.938	38.2982
236.947	38.2995
236.946	38.3066
236.953	38.3117
236.973	38.3101
236.998	38.2921
237.012	38.2715
237.02	38.269
237.03	38.2515
237.025	38.2366
237.018	38.2308
237.01	38.2381
237.004	38.2406
237.003	38.2372
237.017	38.2217
237.017	38.214
237.031	38.1994
237.032	38.1857
237.03	38.1824
237.043	38.1763
237.048	38.1517
237.043	38.129
237.017	38.0658
236.99	38.011
236.985	38.0042
236.976	38.0018
236.976	38
> Shore Bin # 4618, Level 1
237.542	38
237.538	38.0057
237.522	38.0091
237.512	38.0165
237.5	38.0174
237.503	38.0248
237.501	38.0351
237.514	38.0667
237.514	38.0814
237.512	38.0915
237.508	38.0932
237.508	38.1057
237.491	38.1133
237.484	38.1292
237.489	38.1198
237.5	38.1109
237.54	38.1165
237.544	38.1206
237.545	38.1161
237.553	38.114
237.589	38.1372
237.593	38.1439
237.591	38.1549
237.6	38.1464
237.625	38.1389
237.641	38.1283
237.65	38.1273
237.677	38.1158
237.701	38.0989
237.724	38.0731
237.725	38.0655
237.743	38.0608
237.744	38.054
237.735	38.0504
237.733	38.0403
237.726	38.0389
237.717	38.0258
237.71	38.0248
237.709	38.0204
237.701	38.0141
237.684	38.0141
237.668	38.0042
237.663	38.0041
237.633	38.0148
237.634	38
> Shore Bin # 4618, Level 1
237.016	38
237.02	38.0133
237.034	38.0258
237.047	38.0308
237.058	38.0316
237.062	38.0349
237.067	38.034
237.069	38.0291
237.101	38.0283
237.14	38.019
237.166	38.005
237.171	38
> Shore Bin # 4618, Level 1
236.405	38.8026
236.404	38.7988
236.409	38.8008
236.407	38.8023
236.405	38.8026
> Shore Bin # 4618, Level 1
236.469	38.7532
236.47	38.751
236.469	38.7534
236.469	38.7532
> Shore Bin # 4618, Level 1
236.874	38.4319
236.872	38.4346
236.873	38.4316
236.874	38.4319
> Shore Bin # 4618, Level 1
236.561	38.6832
236.562	38.6807
236.563	38.6832
236.561	38.6832
> Shore Bin # 4618, Level 1
236.949	38.2976
236.95	38.294
236.95	38.2976
236.949	38.2976
> Shore Bin # 4618, Level 2
237.187	39.1225
237.203	39.1147
237.215	39.103
237.23	39.0667
237.243	39.0495
237.269	39.0422
237.294	39.0275
237.351	39.0272
237.355	39.0236
237.351	39.0136
237.339	39.0083
237.303	39.013
237.321	38.9931
237.351	38.9822
237.364	38.9717
237.385	38.9333
237.383	38.9267
237.378	38.9247
237.372	38.9267
237.355	38.9542
237.349	38.9572
237.324	38.9583
237.309	38.9675
237.284	38.9753
237.28	38.9794
237.282	38.9978
237.267	39.0206
237.259	39.0214
237.24	39.0155
237.224	39.0145
237.179	39.035
237.115	39.0375
237.105	39.0439
237.1	39.0533
237.102	39.0664
237.12	39.1067
237.12	39.1197
237.124	39.1236
237.155	39.1272
237.177	39.1256
237.187	39.1225
> Shore Bin # 4618, Level 2
237.755	38.6653
237.768	38.6478
237.787	38.608
237.816	38.5692
237.836	38.5517
237.891	38.5186
237.895	38.5144
237.888	38.5069
237.879	38.5067
237.857	38.5167
237.849	38.5025
237.842	38.5047
237.83	38.5356
237.824	38.5378
237.813	38.5325
237.808	38.523
237.812	38.5
237.791	38.5106
237.779	38.5353
237.763	38.5575
237.754	38.5828
237.742	38.5947
237.707	38.6153
237.719	38.6197
237.715	38.63
237.721	38.6455
237.725	38.6836
237.728	38.6883
237.736	38.6894
237.74	38.6858
237.751	38.6681
237.755	38.6653
> Shore Bin # 4618, Level 2
238	38.0871
237.982	38.0981
237.991	38.1047
237.998	38.1031
238	38.1017
> Shore Bin # 4619, Level 2
238.52	39.6472
238.541	39.5894
238.55	39.5831
238.577	39.5892
238.582	39.5856
238.575	39.57
238.577	39.5647
238.591	39.5669
238.605	39.5767
238.618	39.5806
238.639	39.5758
238.642	39.5717
238.613	39.5603
238.605	39.5517
238.606	39.5453
238.61	39.5425
238.635	39.5406
238.654	39.5339
238.659	39.5294
238.652	39.5217
238.646	39.5192
238.63	39.5203
238.586	39.5344
238.579	39.5333
238.565	39.5228
238.558	39.5217
238.555	39.5258
238.554	39.538
238.524	39.5383
238.521	39.5417
238.523	39.56
238.519	39.5764
238.506	39.6067
238.496	39.62
238.487	39.6467
238.471	39.6547
238.448	39.658
238.444	39.6617
238.443	39.667
238.451	39.6878
238.455	39.692
238.461	39.6897
238.474	39.6722
238.511	39.6658
238.516	39.6561
238.52	39.6472
> Shore Bin # 4619, Level 2
240	38.9433
239.996	38.9433
239.969	38.9369
239.95	38.9431
239.932	38.9581
239.909	38.9583
239.913	38.9753
239.892	39.025
239.891	39.0681
239.882	39.0744
239.864	39.0753
239.853	39.0811
239.849	39.0908
239.85	39.1036
239.865	39.1336
239.869	39.1519
239.886	39.1664
239.912	39.1808
239.924	39.2064
239.952	39.2331
239.973	39.237
239.992	39.23
240	39.2302
> Shore Bin # 4619, Level 2
238.916	38.8005
238.914	38.7878
238.891	38.7428
238.894	38.738
238.903	38.7378
238.943	38.7608
238.947	38.7572
238.945	38.7519
238.917	38.7325
238.906	38.7125
238.877	38.6942
238.869	38.6953
238.84	38.7145
238.837	38.7256
238.89	38.7803
238.898	38.7942
238.899	38.8133
238.915	38.8217
238.921	38.8194
238.914	38.8039
238.916	38.8005
> Shore Bin # 4619, Level 2
239.87	39.4883
239.891	39.4928
239.898	39.4911
239.904	39.4889
239.908	39.4786
239.886	39.4611
239.88	39.4592
239.845	39.4539
239.824	39.4586
239.833	39.4725
239.866	39.4869
239.87	39.4883
> Shore Bin # 4619, Level 2
238.167	38.058
238.174	38.0492
238.17	38.045
238.145	38.0525
238.148	38.0572
238.163	38.0656
238.167	38.058
> Shore Bin # 4619, Level 2
238.189	38.0692
238.204	38.0667
238.207	38.0625
238.193	38.0528
238.181	38.0569
238.18	38.0681
238.189	38.0692
> Shore Bin # 4619, Level 2
238	38.1017
238.017	38.0905
238.014	38.0858
238.008	38.0839
238.002	38.0861
238	38.0871
> Shore Bin # 4620, Level 2
240.958	39.4614
240.955	39.4439
240.934	39.4394
240.928	39.4356
240.921	39.4283
240.916	39.4122
240.911	39.4092
240.895	39.4086
240.862	39.4183
240.839	39.4161
240.831	39.4089
240.834	39.3986
240.875	39.3808
240.915	39.3742
240.934	39.3556
240.936	39.3514
240.933	39.34
240.899	39.3042
240.889	39.3164
240.886	39.3333
240.887	39.3464
240.876	39.3419
240.861	39.3422
240.871	39.3628
240.866	39.3725
240.857	39.3792
240.818	39.3842
240.813	39.3872
240.809	39.3969
240.811	39.4092
240.821	39.4236
240.838	39.4297
240.854	39.4303
240.884	39.4247
240.899	39.4261
240.93	39.4642
240.952	39.4753
240.957	39.4725
240.958	39.4664
240.958	39.4614
> Shore Bin # 4620, Level 2
241.451	39.7239
241.531	39.7217
241.555	39.7525
241.599	39.7794
241.613	39.7822
241.614	39.7706
241.591	39.7392
241.599	39.6997
241.593	39.6972
241.58	39.6647
241.577	39.6525
241.581	39.63
241.57	39.6242
241.564	39.6272
241.563	39.645
241.559	39.655
241.536	39.6553
241.511	39.6411
241.504	39.6494
241.499	39.6656
241.505	39.6753
241.525	39.6797
241.549	39.6792
241.567	39.6722
241.571	39.6753
241.571	39.7011
241.565	39.7036
241.547	39.697
241.528	39.7036
241.489	39.7008
241.465	39.7103
241.433	39.7097
241.409	39.7136
241.412	39.7245
241.429	39.7222
241.443	39.7242
241.451	39.7239
> Shore Bin # 4620, Level 2
241.277	38.8333
241.294	38.8045
241.337	38.7572
241.34	38.7469
241.34	38.6714
241.354	38.6367
241.353	38.6297
241.344	38.6158
241.329	38.5997
241.315	38.6025
241.302	38.6261
241.267	38.6472
241.254	38.6642
241.246	38.6842
241.252	38.7208
241.243	38.7403
241.243	38.7533
241.262	38.7967
241.261	38.8083
241.248	38.8375
241.254	38.8542
241.27	38.8397
241.277	38.8333
> Shore Bin # 4620, Level 2
240	39.2302
240.006	39.2303
240.016	39.2361
240.029	39.2525
240.048	39.2586
240.072	39.2494
240.077	39.2397
240.076	39.2261
240.077	39.22
240.082	39.1911
240.081	39.172
240.058	39.1131
240.07	39.0889
240.064	39.0714
240.067	39.0283
240.059	39.0061
240.059	38.9686
240.05	38.9547
240.035	38.9458
240.021	38.9431
240	38.9433
> Shore Bin # 4620, Level 2
240.515	40
240.518	39.9794
240.536	39.9528
240.55	39.9428
240.588	39.9233
240.599	39.9114
240.575	39.8736
240.566	39.8672
240.558	39.8669
240.545	39.8714
240.531	39.8883
240.478	39.9297
240.437	39.9408
240.426	39.9469
240.402	39.9811
240.399	40
> Shore Bin # 4620, Level 2
241.355	40
241.35	39.9914
241.345	39.9944
241.343	40
> Shore Bin # 4620, Level 2
241.406	40
241.403	39.9969
241.382	39.9933
241.376	40
> Shore Bin # 4623, Level 2
248	39.3624
247.986	39.3631
247.981	39.3664
248	39.3921
> Shore Bin # 4798, Level 1
237.634	38
237.634	37.9975
237.64	37.9933
237.633	37.9783
237.628	37.9754
237.617	37.9771
237.611	37.9704
237.599	37.9695
237.606	37.9575
237.601	37.9587
237.604	37.955
237.602	37.9529
237.59	37.9571
237.587	37.9629
237.571	37.9663
237.579	37.9516
237.577	37.9467
237.585	37.9433
237.586	37.9329
237.602	37.9296
237.613	37.92
237.604	37.9054
237.618	37.9104
237.632	37.9037
237.637	37.9054
237.632	37.92
237.625	37.9233
237.629	37.9237
237.636	37.9191
237.64	37.9079
237.645	37.9087
237.647	37.9146
237.654	37.9125
237.648	37.9079
237.671	37.9096
237.678	37.9033
237.675	37.9017
237.677	37.8954
237.683	37.8971
237.685	37.895
237.686	37.8921
237.675	37.89
237.682	37.8883
237.691	37.8716
237.686	37.8712
237.682	37.8746
237.678	37.8717
237.682	37.8679
237.686	37.8683
237.687	37.8654
237.682	37.865
237.684	37.8596
237.69	37.8654
237.694	37.8641
237.7	37.8408
237.687	37.8388
237.686	37.8366
237.701	37.8362
237.702	37.8316
237.669	37.8242
237.67	37.8196
237.688	37.82
237.677	37.8121
237.662	37.8104
237.657	37.8058
237.662	37.8037
237.672	37.8071
237.678	37.8041
237.677	37.8012
237.669	37.8021
237.665	37.7975
237.668	37.7816
237.682	37.7787
237.684	37.7762
237.692	37.7762
237.692	37.7804
237.701	37.7804
237.7	37.7733
237.706	37.7696
237.711	37.7704
237.711	37.7646
237.717	37.7637
237.714	37.7667
237.717	37.7696
237.719	37.767
237.722	37.7678
237.726	37.7621
237.76	37.7504
237.761	37.7487
237.747	37.7496
237.738	37.7433
237.76	37.7216
237.757	37.7221
237.757	37.7179
237.786	37.6996
237.792	37.7104
237.799	37.7121
237.797	37.7067
237.802	37.7029
237.81	37.7041
237.81	37.7
237.805	37.6974
237.811	37.6979
237.814	37.692
237.809	37.6971
237.807	37.6958
237.836	37.67
237.844	37.6484
237.841	37.645
237.845	37.6391
237.844	37.63
237.848	37.6258
237.845	37.6175
237.849	37.615
237.852	37.6067
237.85	37.5858
237.865	37.5633
237.87	37.5641
237.869	37.5558
237.879	37.5458
237.889	37.5217
237.887	37.5058
237.891	37.4991
237.903	37.4987
237.914	37.5054
237.917	37.5012
237.928	37.497
237.941	37.4962
237.946	37.4921
237.952	37.4929
237.942	37.49
237.949	37.4646
237.96	37.4687
237.973	37.4687
237.991	37.4642
237.977	37.4613
237.978	37.4554
237.973	37.4612
237.964	37.4596
237.96	37.4533
237.968	37.4496
237.957	37.4513
237.935	37.4454
237.932	37.4504
237.924	37.4504
237.922	37.4479
237.917	37.452
237.907	37.4512
237.903	37.4588
237.897	37.4575
237.898	37.4637
237.887	37.4637
237.88	37.47
237.87	37.5042
237.863	37.508
237.856	37.5079
237.842	37.5021
237.842	37.4987
237.833	37.4979
237.832	37.5049
237.822	37.5108
237.817	37.5212
237.812	37.5188
237.8	37.5246
237.795	37.5225
237.796	37.5175
237.789	37.5133
237.784	37.5037
237.787	37.5166
237.802	37.53
237.804	37.5367
237.793	37.5421
237.772	37.5346
237.781	37.5425
237.779	37.5454
237.762	37.5304
237.774	37.5458
237.772	37.5517
237.767	37.5538
237.752	37.5521
237.752	37.5625
237.743	37.5713
237.738	37.5729
237.725	37.5704
237.713	37.5763
237.705	37.5712
237.703	37.5754
237.693	37.5754
237.685	37.5816
237.684	37.5904
237.678	37.5921
237.667	37.5879
237.664	37.5921
237.646	37.5904
237.637	37.5929
237.622	37.6067
237.627	37.6121
237.642	37.6083
237.644	37.6141
237.632	37.6216
237.636	37.6275
237.612	37.6296
237.611	37.6329
237.619	37.6358
237.608	37.6425
237.61	37.6479
237.623	37.6508
237.624	37.6558
237.621	37.66
237.626	37.6616
237.622	37.6654
237.606	37.6658
237.611	37.6713
237.62	37.6716
237.62	37.6775
237.614	37.68
237.608	37.7075
237.625	37.7091
237.621	37.7116
237.623	37.7183
237.617	37.722
237.623	37.7237
237.626	37.7196
237.636	37.7162
237.641	37.7192
237.639	37.7242
237.644	37.7283
237.635	37.7338
237.627	37.7337
237.625	37.74
237.63	37.7416
237.624	37.748
237.615	37.7483
237.624	37.7487
237.625	37.7524
237.617	37.7542
237.62	37.76
237.615	37.7641
237.615	37.7725
237.619	37.7741
237.613	37.7783
237.613	37.7917
237.597	37.8079
237.584	37.8121
237.577	37.8087
237.563	37.8104
237.545	37.8062
237.522	37.8096
237.512	37.7896
237.492	37.7879
237.485	37.7816
237.49	37.725
237.5	37.6949
237.505	37.6491
237.505	37.6308
237.5	37.62
237.502	37.6108
237.497	37.6059
237.5	37.6016
237.492	37.5954
237.484	37.597
237.478	37.5941
237.482	37.5883
237.48	37.5716
237.485	37.5642
237.485	37.5516
237.479	37.5342
237.481	37.5217
237.493	37.5058
237.499	37.5025
237.497	37.4946
237.503	37.4946
237.504	37.4999
237.508	37.5021
237.522	37.502
237.544	37.4867
237.555	37.4566
237.555	37.435
237.572	37.4075
237.576	37.3917
237.59	37.375
237.592	37.3617
237.6	37.3575
237.597	37.3216
237.587	37.2708
237.589	37.265
237.584	37.2625
237.58	37.2487
237.578	37.25
237.581	37.2333
237.588	37.2275
237.59	37.22
237.593	37.1966
237.6	37.1916
237.603	37.1813
237.615	37.1821
237.632	37.1716
237.638	37.1616
237.635	37.1508
237.652	37.1446
237.66	37.1366
237.66	37.12
237.665	37.1167
237.667	37.1104
237.678	37.1163
237.687	37.1171
237.706	37.107
237.72	37.0954
237.745	37.06
237.765	37.0425
237.774	37.0246
237.782	37.0238
237.792	37.0137
237.805	37.0087
237.813	36.9993
237.828	36.9924
237.832	36.9874
237.836	36.9874
237.846	36.9758
237.859	36.9747
237.864	36.9665
237.877	36.9649
237.896	36.9548
237.922	36.9525
237.924	36.9492
237.932	36.9474
237.941	36.9493
237.949	36.9474
237.959	36.9516
237.973	36.95
237.975	36.9602
237.987	36.9642
238	36.9609
> Shore Bin # 4798, Level 1
237.171	38
237.185	37.9862
237.196	37.9812
237.208	37.9675
237.215	37.9471
237.219	37.9471
237.222	37.9429
237.226	37.9438
237.233	37.9362
237.246	37.9337
237.26	37.9262
237.272	37.9029
237.297	37.8937
237.316	37.9071
237.333	37.9054
237.348	37.9004
237.37	37.8812
237.379	37.8771
237.396	37.8754
237.412	37.8596
237.422	37.8596
237.427	37.8537
237.434	37.8538
237.44	37.8437
237.445	37.8416
237.448	37.8354
237.459	37.832
237.463	37.8284
237.462	37.8241
237.472	37.8155
237.47	37.8192
237.477	37.8254
237.49	37.8246
237.496	37.8204
237.508	37.8262
237.518	37.8254
237.522	37.8338
237.528	37.8333
237.528	37.8391
237.52	37.8491
237.521	37.8592
237.503	37.8662
237.502	37.8708
237.492	37.8762
237.487	37.8829
237.477	37.8829
237.48	37.8858
237.477	37.8921
237.481	37.8937
237.482	37.8871
237.488	37.8888
237.489	37.8837
237.502	37.8779
237.5	37.8908
237.496	37.895
237.511	37.8937
237.525	37.8846
237.527	37.8716
237.542	37.8621
237.537	37.8725
237.547	37.8712
237.561	37.8817
237.551	37.8946
237.539	37.8954
237.525	37.9046
237.524	37.9083
237.528	37.9092
237.525	37.9167
237.515	37.9213
237.507	37.9212
237.498	37.9292
237.494	37.938
237.487	37.9416
237.495	37.9437
237.511	37.937
237.521	37.942
237.521	37.9471
237.514	37.9492
237.51	37.9667
237.498	37.97
237.517	37.9754
237.52	37.975
237.518	37.9729
237.523	37.9729
237.527	37.9829
237.533	37.9846
237.543	37.9803
237.552	37.9883
237.542	38
> Shore Bin # 4798, Level 1
237.553	37.8608
237.564	37.8529
237.569	37.8554
237.58	37.8542
237.578	37.8675
237.572	37.8721
237.567	37.8721
237.564	37.8679
237.56	37.8687
237.558	37.8633
237.553	37.8617
237.553	37.8608
> Shore Bin # 4798, Level 1
237.62	37.8275
237.627	37.8092
237.637	37.8071
237.637	37.8133
237.63	37.8142
237.637	37.8208
237.634	37.83
237.624	37.8329
237.62	37.8292
237.62	37.8275
> Shore Bin # 4798, Level 1
236.976	38
236.977	37.9944
237	37.9927
237.008	37.9946
237.034	37.9896
237.032	37.9937
237.016	37.9991
237.016	38
> Shore Bin # 4798, Level 1
237	37.6964
236.999	37.7033
236.995	37.704
236.99	37.6972
236.996	37.6956
236.995	37.6915
236.999	37.6945
237	37.6964
> Shore Bin # 4798, Level 1
237.635	37.9
237.642	37.8954
237.648	37.895
237.643	37.9012
237.637	37.9012
237.635	37.9
> Shore Bin # 4798, Level 1
236.99	37.6972
236.986	37.7006
236.984	37.6979
236.988	37.6958
236.99	37.6972
> Shore Bin # 4798, Level 1
236.966	37.7273
236.969	37.7273
236.968	37.7299
236.966	37.7276
236.966	37.7273
> Shore Bin # 4798, Level 1
237.53	37.965
237.532	37.9621
237.535	37.9649
237.53	37.9654
237.53	37.965
> Shore Bin # 4798, Level 1
237.574	37.8275
237.577	37.8246
237.58	37.8258
237.574	37.8291
237.574	37.8275
> Shore Bin # 4798, Level 1
237.659	37.1083
237.665	37.1066
237.659	37.1108
237.659	37.1083
> Shore Bin # 4798, Level 1
236.894	37.7691
236.893	37.7732
236.892	37.7689
236.894	37.7691
> Shore Bin # 4798, Level 1
236.897	37.7675
236.898	37.7709
236.896	37.7685
236.897	37.7675
> Shore Bin # 4798, Level 1
236.9	37.763
236.904	37.7632
236.902	37.7649
236.9	37.763
> Shore Bin # 4798, Level 1
237.526	37.965
237.529	37.965
237.526	37.9666
237.526	37.965
> Shore Bin # 4798, Level 1
237.627	37.9
237.63	37.9008
237.627	37.9008
237.627	37.9
> Shore Bin # 4799, Level 1
238	36.9609
238.027	36.9542
238.046	36.9707
238.06	36.9772
238.07	36.9775
238.102	36.9634
238.136	36.9316
238.185	36.8537
238.19	36.8514
238.21	36.8074
238.195	36.7571
238.196	36.7525
238.192	36.7518
238.191	36.7126
238.184	36.6807
238.168	36.6479
238.14	36.6124
238.125	36.6042
238.112	36.6025
238.097	36.6232
238.087	36.6251
238.076	36.6366
238.065	36.639
238.06	36.6365
238.061	36.6295
238.056	36.6268
238.051	36.6119
238.043	36.6116
238.039	36.6082
238.032	36.5849
238.026	36.585
238.02	36.5805
238.028	36.5685
238.047	36.5592
238.051	36.565
238.057	36.5642
238.058	36.5605
238.064	36.561
238.069	36.552
238.066	36.5394
238.071	36.5358
238.073	36.5264
238.062	36.525
238.06	36.5219
238.045	36.5251
238.044	36.5205
238.059	36.5049
238.061	36.4984
238.053	36.4916
238.057	36.4882
238.063	36.4696
238.072	36.4602
238.07	36.4484
238.084	36.4258
238.081	36.4172
238.085	36.4024
238.093	36.3979
238.096	36.3924
238.096	36.3819
238.092	36.3737
238.096	36.3645
238.092	36.3565
238.107	36.3374
238.103	36.3132
238.1	36.3086
238.096	36.3087
238.097	36.3043
238.112	36.3017
238.124	36.2888
238.138	36.2794
238.148	36.2766
238.16	36.2594
238.164	36.2477
238.183	36.2385
238.186	36.2342
238.194	36.2317
238.203	36.2334
238.213	36.2276
238.22	36.227
238.246	36.2101
238.252	36.21
238.282	36.195
238.301	36.1745
238.323	36.162
238.354	36.1261
238.365	36.1193
238.375	36.1018
238.378	36.0866
238.393	36.071
238.406	36.0633
238.409	36.0529
238.406	36.0485
238.416	36.0416
238.426	36.0217
238.433	36.0184
238.447	36.0185
238.464	36.0142
238.495	36
238.495	36
> Shore Bin # 4799, Level 2
238.884	37.0847
238.891	37.0764
238.919	37.0583
238.929	37.0458
238.936	37.0253
238.932	37.0214
238.924	37.0203
238.906	37.0261
238.889	37.02
238.886	37.0153
238.888	36.99
238.882	36.9814
238.871	36.9764
238.864	36.9778
238.868	36.9942
238.861	37.0092
238.853	37.0164
238.839	37.0392
238.826	37.0492
238.826	37.0553
238.851	37.0703
238.865	37.0989
238.874	37.0925
238.884	37.0847
> Shore Bin # 4800, Level 2
241.266	37.6633
241.28	37.6156
241.279	37.5958
241.287	37.5886
241.277	37.5831
241.262	37.5839
241.242	37.5903
241.229	37.6011
241.228	37.6061
241.239	37.6178
241.256	37.625
241.258	37.6303
241.247	37.6739
241.258	37.6786
241.264	37.6697
241.266	37.6633
> Shore Bin # 4800, Level 2
240.402	37.0367
240.387	37.0208
240.369	37.0211
240.356	37.0039
240.334	36.9933
240.313	36.9922
240.304	36.9986
240.31	37.008
240.364	37.0403
240.39	37.0461
240.404	37.0556
240.403	37.0386
240.402	37.0367
> Shore Bin # 4800, Level 2
241.781	37.0869
241.789	37.06
241.782	37.0514
241.768	37.0517
241.756	37.0631
241.755	37.0869
241.758	37.0925
241.769	37.0964
241.779	37.0897
241.781	37.0869
> Shore Bin # 4802, Level 2
246	36.1956
245.999	36.1958
245.983	36.1886
245.96	36.1914
245.947	36.1817
245.928	36.123
245.916	36.12
245.92	36.1039
245.893	36.0461
245.89	36.0178
245.845	36.0183
245.803	36.0139
245.765	36.0058
245.747	36.0183
245.718	36.0305
245.67	36.0431
245.681	36.0639
245.678	36.093
245.666	36.11
245.652	36.1139
245.649	36.1361
245.642	36.1353
245.625	36.1136
245.626	36.1019
245.604	36.1128
245.598	36.1111
245.596	36.105
245.609	36.0889
245.607	36.0775
245.587	36.0744
245.567	36.0542
245.557	36.0506
245.549	36.0517
245.544	36.0605
245.544	36.0789
245.541	36.0889
245.509	36.0992
245.496	36.1228
245.483	36.1383
245.458	36.153
245.45	36.153
245.438	36.1417
245.427	36.1378
245.376	36.1361
245.368	36.1295
245.363	36.1189
245.345	36.1136
245.334	36.0933
245.299	36.0814
245.289	36.0678
245.304	36.0397
245.285	36.0194
245.265	36.0089
245.259	36.0117
245.272	36.0358
245.268	36.0403
245.235	36.0272
245.204	36.0381
245.19	36.0483
245.187	36.058
245.199	36.0756
245.195	36.0855
245.171	36.1067
245.143	36.125
245.14	36.13
245.144	36.1331
245.168	36.1317
245.194	36.1369
245.226	36.1272
245.233	36.1275
245.254	36.1372
245.281	36.1295
245.284	36.1339
245.278	36.155
245.292	36.1539
245.3	36.1461
245.314	36.1422
245.341	36.1461
245.365	36.1606
245.394	36.1558
245.435	36.1694
245.481	36.1694
245.519	36.1642
245.54	36.1669
245.551	36.1714
245.549	36.195
245.559	36.2153
245.58	36.2408
245.587	36.2647
245.585	36.2883
245.581	36.2975
245.568	36.3075
245.573	36.3181
245.571	36.3236
245.561	36.3286
245.559	36.3336
245.567	36.3486
245.579	36.3517
245.591	36.3789
245.631	36.4244
245.636	36.435
245.632	36.4511
245.626	36.4592
245.62	36.4625
245.608	36.46
245.6	36.4614
245.601	36.4772
245.588	36.4872
245.59	36.5069
245.592	36.5128
245.599	36.5136
245.609	36.5017
245.631	36.4908
245.639	36.4778
245.646	36.4758
245.651	36.4789
245.652	36.4842
245.645	36.5039
245.647	36.5092
245.657	36.5153
245.66	36.5267
245.663	36.5839
245.673	36.5706
245.676	36.5636
245.668	36.5019
245.676	36.4894
245.666	36.4769
245.665	36.47
245.671	36.4614
245.673	36.4503
245.686	36.4333
245.69	36.4178
245.683	36.4028
245.657	36.3817
245.634	36.3503
245.627	36.3344
245.63	36.2808
245.613	36.22
245.613	36.2078
245.619	36.1872
245.63	36.1714
245.648	36.1595
245.669	36.1356
245.692	36.1261
245.701	36.1183
245.714	36.0967
245.717	36.0736
245.753	36.0594
245.755	36.0544
245.746	36.0553
245.742	36.0517
245.744	36.0467
245.748	36.0422
245.774	36.0294
245.789	36.0267
245.819	36.0289
245.846	36.0408
245.855	36.0544
245.857	36.0972
245.878	36.1242
245.896	36.1589
245.928	36.1811
245.942	36.2061
245.973	36.2133
245.98	36.2217
245.982	36.2467
245.993	36.2594
245.997	36.2619
246	36.261
> Shore Bin # 4803, Level 2
246.231	36
246.232	36.007
246.22	36.0308
246.2	36.0422
246.172	36.0489
246.156	36.0497
246.136	36.0564
246.125	36.0678
246.115	36.0864
246.089	36.1006
246.085	36.1161
246.079	36.1242
246.065	36.1261
246.052	36.1169
246.045	36.1164
246.03	36.1178
246.018	36.1236
246.021	36.1672
246.01	36.1783
246.006	36.1944
246	36.1956
> Shore Bin # 4803, Level 2
246	36.261
246.004	36.2597
246.009	36.238
246.02	36.2208
246.018	36.1975
246.026	36.1845
246.041	36.1742
246.042	36.153
246.049	36.1453
246.061	36.1408
246.091	36.1394
246.098	36.1319
246.103	36.1047
246.125	36.095
246.145	36.07
246.199	36.065
246.217	36.0578
246.248	36.0219
246.243	36
> Shore Bin # 4979, Level 1
238.495	36
238.512	35.97
238.515	35.9501
238.524	35.9336
238.521	35.9302
238.53	35.9265
238.53	35.9234
238.524	35.919
238.537	35.8968
238.535	35.8878
238.553	35.8704
238.574	35.8587
238.585	35.8558
238.612	35.8218
238.624	35.8158
238.627	35.8103
238.642	35.805
238.667	35.7834
238.674	35.7698
238.672	35.7599
238.682	35.7553
238.684	35.7497
238.679	35.7452
238.683	35.7377
238.681	35.7272
238.686	35.7209
238.682	35.7144
238.707	35.6926
238.715	35.6643
238.719	35.6671
238.728	35.6662
238.739	35.6638
238.75	35.6543
238.757	35.6521
238.78	35.651
238.804	35.6343
238.807	35.6359
238.806	35.641
238.809	35.6428
238.831	35.6366
238.855	35.6056
238.867	35.6
238.874	35.5929
238.877	35.5828
238.885	35.5756
238.893	35.5605
238.895	35.5517
238.939	35.5095
238.952	35.5033
238.96	35.49
238.974	35.4834
238.994	35.46
239.03	35.4588
239.046	35.4513
239.05	35.4463
239.093	35.448
239.114	35.4312
239.133	35.3971
239.137	35.3814
239.135	35.374
239.128	35.3722
239.128	35.368
239.132	35.3672
239.137	35.3723
239.142	35.3712
239.157	35.3425
239.164	35.3404
239.166	35.3424
239.172	35.3389
239.165	35.333
239.155	35.3324
239.155	35.3239
239.138	35.3195
239.133	35.3146
239.139	35.3263
239.142	35.3446
239.141	35.3688
239.137	35.37
239.136	35.348
239.127	35.3165
239.118	35.2946
239.108	35.2812
239.108	35.2755
239.104	35.275
239.104	35.2623
239.099	35.2571
239.102	35.2498
239.1	35.2478
239.113	35.2344
239.12	35.2313
239.13	35.219
239.138	35.2164
239.137	35.2132
239.141	35.209
239.185	35.1872
239.213	35.1779
239.22	35.168
239.23	35.1624
239.246	35.1593
239.244	35.1716
239.251	35.1781
239.264	35.1789
239.274	35.1742
239.294	35.1745
239.315	35.1581
239.327	35.153
239.342	35.1514
239.353	35.1438
239.359	35.1351
239.369	35.104
239.368	35.0513
239.354	34.9858
239.338	34.9393
239.331	34.9304
239.335	34.9262
239.326	34.9026
239.327	34.8999
239.352	34.9
239.359	34.8879
239.358	34.8807
239.387	34.8616
239.388	34.8407
239.38	34.8076
239.36	34.7578
239.369	34.7495
239.367	34.7451
239.371	34.7385
239.383	34.7316
239.391	34.7129
239.398	34.7073
239.396	34.6932
239.401	34.6924
239.393	34.6895
239.38	34.6498
239.362	34.6112
239.355	34.6037
239.357	34.5924
239.352	34.5861
239.353	34.579
239.347	34.5765
239.359	34.5715
239.358	34.5637
239.361	34.5594
239.366	34.5606
239.375	34.5534
239.382	34.5523
239.398	34.557
239.418	34.5566
239.432	34.5506
239.445	34.54
239.458	34.5391
239.488	34.5233
239.497	34.5123
239.502	34.4942
239.507	34.4923
239.508	34.488
239.519	34.4807
239.523	34.4743
239.527	34.4481
239.536	34.4483
239.545	34.4417
239.555	34.451
239.579	34.4492
239.582	34.4526
239.591	34.4542
239.662	34.4584
239.666	34.4615
239.696	34.4657
239.703	34.4698
239.723	34.4665
239.781	34.4709
239.828	34.4682
239.859	34.4734
239.883	34.4699
239.907	34.4599
239.921	34.459
239.931	34.4631
239.939	34.4608
239.966	34.4624
239.977	34.4574
239.983	34.4618
239.994	34.4601
240	34.4558
> Shore Bin # 4979, Level 1
239.636	34.0132
239.643	34.0136
239.651	34.0192
239.685	34.0173
239.705	34.0199
239.706	34.022
239.694	34.0258
239.682	34.0418
239.668	34.0498
239.659	34.0475
239.645	34.0483
239.641	34.0547
239.646	34.0571
239.643	34.0654
239.639	34.0741
239.632	34.0775
239.63	34.0733
239.633	34.0714
239.627	34.0645
239.61	34.0533
239.598	34.0515
239.588	34.0549
239.585	34.0602
239.582	34.0585
239.582	34.0545
239.57	34.048
239.562	34.0391
239.551	34.0386
239.552	34.0328
239.547	34.0309
239.55	34.0286
239.561	34.0315
239.572	34.0249
239.582	34.0279
239.585	34.0315
239.591	34.0317
239.617	34.024
239.626	34.0166
239.635	34.0146
239.636	34.0132
> Shore Bin # 4979, Level 1
239.954	34
239.954	34
239.95	34.0132
239.957	34.0259
239.956	34.037
239.944	34.0394
239.924	34.0251
239.907	34.0208
239.884	34.0209
239.88	34.0242
239.86	34.0278
239.851	34.0255
239.847	34.0193
239.834	34.0099
239.822	34.0066
239.813	34.0085
239.804	34.005
239.79	34.006
239.771	34.011
239.76	34.0092
239.757	34.0043
239.748	34.0009
239.748	34
> Shore Bin # 4979, Level 1
239.67	34.0583
239.666	34.061
239.662	34.0565
239.669	34.0542
239.671	34.0571
239.67	34.0583
> Shore Bin # 4979, Level 1
239.541	34.0401
239.545	34.0409
239.539	34.0451
239.541	34.0401
239.541	34.0401
> Shore Bin # 4979, Level 1
239.564	34.0577
239.558	34.0574
239.565	34.0533
239.566	34.0574
239.564	34.0577
> Shore Bin # 4980, Level 1
240	34.4558
240.009	34.4491
240.019	34.4482
240.042	34.4357
240.07	34.4348
240.079	34.4316
240.111	34.4166
240.119	34.4067
240.136	34.4085
240.155	34.4033
240.162	34.4143
240.204	34.4167
240.256	34.4017
240.272	34.3941
240.286	34.3941
240.295	34.3952
240.301	34.4008
240.308	34.4027
240.307	34.4073
240.312	34.4116
240.327	34.4151
240.365	34.415
240.385	34.4201
240.402	34.4184
240.42	34.4116
240.434	34.4142
240.462	34.3952
240.472	34.3933
240.484	34.3861
240.51	34.3818
240.52	34.372
240.528	34.3752
240.541	34.3717
240.555	34.3544
240.569	34.3541
240.608	34.3176
240.627	34.3193
240.65	34.3024
240.659	34.2901
240.678	34.2826
240.682	34.2777
240.695	34.2726
240.711	34.2732
240.724	34.2616
240.728	34.2512
240.732	34.251
240.74	34.2445
240.735	34.2402
240.733	34.2473
240.729	34.2459
240.735	34.2232
240.764	34.1675
240.777	34.1497
240.784	34.1442
240.804	34.1416
240.867	34.0992
240.891	34.0932
240.901	34.0983
240.91	34.0976
240.936	34.084
240.962	34.0815
240.99	34.0651
240.997	34.0659
241.02	34.0588
241.044	34.0464
241.06	34.0422
241.073	34.0447
241.082	34.0406
241.122	34.0382
241.149	34.0331
241.192	34.0002
241.196	34.0057
241.206	34.0086
241.214	34.0206
241.243	34.0257
241.257	34.0332
241.29	34.0288
241.3	34.0314
241.317	34.0306
241.327	34.0381
241.388	34.0355
241.399	34.039
241.414	34.0367
241.426	34.0399
241.455	34.0374
241.465	34.0338
241.476	34.0287
241.499	34.0118
241.501	34.0067
241.506	34.0064
241.513	34
241.513	34
> Shore Bin # 4980, Level 1
240.445	34
240.453	34.0065
240.457	34.0224
240.472	34.0269
240.478	34.0367
240.469	34.0434
240.444	34.05
240.436	34.0576
240.424	34.0523
240.412	34.0543
240.39	34.041
240.389	34.036
240.393	34.031
240.382	34.0186
240.362	34.016
240.348	34.0178
240.346	34.0211
240.331	34.0184
240.324	34.0218
240.314	34.0219
240.308	34.0302
240.297	34.0353
240.288	34.0442
240.273	34.0485
240.263	34.0475
240.252	34.0541
240.246	34.054
240.24	34.0601
240.234	34.0564
240.233	34.0583
240.202	34.0575
240.199	34.0542
240.189	34.052
240.185	34.0548
240.181	34.0537
240.175	34.0607
240.142	34.0727
240.135	34.0717
240.118	34.076
240.107	34.0741
240.089	34.0784
240.081	34.0784
240.078	34.0751
240.076	34.0701
240.079	34.0612
240.069	34.0599
240.074	34.056
240.084	34.0576
240.101	34.0493
240.114	34.0358
240.122	34.0319
240.12	34.0183
240.112	34.0096
240.115	34
> Shore Bin # 4980, Level 1
240.615	34.0122
240.607	34.0087
240.591	34.0091
240.576	34.0184
240.554	34.0147
240.573	34.0083
240.574	34.0033
240.58	34.0068
240.59	34.0068
240.598	34.0034
240.611	34.0042
240.619	34.0109
240.616	34.0125
240.615	34.0122
> Shore Bin # 4980, Level 1
240.636	34.0193
240.619	34.0137
240.637	34.0142
240.643	34.0177
240.64	34.0194
240.636	34.0193
> Shore Bin # 4982, Level 2
245.645	34.5097
245.644	34.4736
245.65	34.4711
245.66	34.4764
245.668	34.4764
245.688	34.4525
245.709	34.4417
245.724	34.4264
245.782	34.3964
245.799	34.3831
245.832	34.3733
245.861	34.3486
245.876	34.3278
245.903	34.3214
245.926	34.3117
245.937	34.3058
245.935	34.3019
245.887	34.3139
245.865	34.3131
245.828	34.3503
245.714	34.4122
245.704	34.4311
245.696	34.4372
245.676	34.4433
245.665	34.4547
245.634	34.4547
245.612	34.4642
245.604	34.4767
245.602	34.4939
245.608	34.5106
245.626	34.5239
245.624	34.5406
245.644	34.5161
245.645	34.5097
> Shore Bin # 4982, Level 2
245.362	35.5742
245.367	35.54
245.365	35.5347
245.347	35.5206
245.346	35.5036
245.354	35.4897
245.392	35.4405
245.402	35.4158
245.405	35.3881
245.42	35.3545
245.417	35.3425
245.409	35.3425
245.406	35.3461
245.384	35.3817
245.341	35.4155
245.331	35.4331
245.333	35.4717
245.321	35.5008
245.321	35.5133
245.324	35.5261
245.345	35.5517
245.344	35.5633
245.335	35.5886
245.353	35.6233
245.359	35.6147
245.356	35.5958
245.362	35.5808
245.362	35.5742
> Shore Bin # 4983, Level 2
246.243	36
246.243	35.9983
246.251	35.9847
246.269	35.972
246.281	35.955
246.298	35.9472
246.304	35.9136
246.314	35.8956
246.364	35.8539
246.372	35.8283
246.369	35.8239
246.355	35.8239
246.346	35.8425
246.325	35.8481
246.323	35.8517
246.334	35.8622
246.332	35.8672
246.304	35.8739
246.288	35.8817
246.285	35.8869
246.291	35.9095
246.286	35.9305
246.274	35.9489
246.254	35.9603
246.245	35.9611
246.234	35.9731
246.231	35.9878
246.231	36
> Shore Bin # 5159, Level 1
239.748	34
239.751	33.9961
239.757	33.9966
239.762	33.991
239.776	33.9861
239.778	33.9791
239.79	33.9697
239.8	33.9502
239.81	33.9456
239.819	33.9238
239.827	33.9225
239.833	33.9159
239.838	33.9166
239.84	33.9124
239.847	33.9115
239.862	33.9015
239.865	33.9026
239.882	33.8935
239.891	33.8962
239.891	33.9013
239.9	33.9079
239.919	33.9083
239.93	33.9123
239.951	33.9144
239.951	33.9179
239.977	33.9308
239.981	33.9364
240	33.9427
> Shore Bin # 5159, Level 1
240	33.9825
239.988	33.9816
239.984	33.9855
239.96	33.993
239.954	34
> Shore Bin # 5160, Level 1
241.513	34
241.514	33.995
241.521	33.9916
241.523	33.9858
241.542	33.9646
241.551	33.9691
241.551	33.972
241.547	33.9725
241.551	33.9733
241.548	33.9775
241.551	33.9783
241.547	33.98
241.55	33.9825
241.546	33.9838
241.554	33.9821
241.554	33.9775
241.557	33.9767
241.553	33.9679
241.543	33.9617
241.587	33.8842
241.6	33.8475
241.607	33.8408
241.605	33.8067
241.592	33.8013
241.59	33.7925
241.574	33.7837
241.57	33.7758
241.584	33.7541
241.587	33.7421
241.594	33.7421
241.6	33.737
241.613	33.7429
241.619	33.7429
241.624	33.7371
241.636	33.7387
241.643	33.7346
241.647	33.7279
241.676	33.7187
241.68	33.7146
241.699	33.7104
241.704	33.7054
241.711	33.7054
241.719	33.71
241.715	33.7141
241.719	33.7183
241.717	33.7246
241.724	33.7137
241.727	33.715
241.725	33.7208
241.73	33.7217
241.721	33.7375
241.723	33.7491
241.727	33.7525
241.72	33.7562
241.712	33.755
241.722	33.7579
241.722	33.7667
241.727	33.7679
241.725	33.7558
241.729	33.7546
241.73	33.7596
241.733	33.7545
241.739	33.76
241.737	33.7662
241.741	33.7629
241.746	33.7671
241.751	33.7654
241.777	33.7729
241.779	33.7696
241.787	33.7717
241.778	33.7663
241.776	33.7696
241.77	33.7696
241.752	33.7654
241.731	33.7529
241.724	33.7358
241.732	33.7221
241.735	33.7233
241.731	33.7325
241.732	33.7379
241.735	33.7317
241.738	33.7313
241.746	33.7467
241.752	33.7512
241.755	33.7441
241.761	33.7412
241.769	33.7396
241.777	33.7429
241.777	33.7454
241.77	33.7429
241.758	33.7446
241.756	33.75
241.772	33.7554
241.778	33.752
241.785	33.7621
241.786	33.757
241.789	33.7604
241.791	33.7592
241.791	33.7558
241.785	33.7509
241.786	33.7446
241.793	33.7404
241.788	33.7492
241.793	33.7521
241.793	33.745
241.799	33.7446
241.801	33.7504
241.805	33.7425
241.796	33.7404
241.795	33.7379
241.814	33.7388
241.81	33.7499
241.813	33.7534
241.798	33.7588
241.793	33.7654
241.802	33.7595
241.808	33.7621
241.809	33.7595
241.813	33.7595
241.818	33.7637
241.837	33.7621
241.868	33.7512
241.883	33.7429
241.884	33.7396
241.895	33.7379
241.898	33.7346
241.902	33.7346
241.903	33.7387
241.911	33.7362
241.912	33.7321
241.905	33.7342
241.909	33.7295
241.937	33.7087
241.967	33.6779
242	33.6526
> Shore Bin # 5160, Level 1
241.393	33.4775
241.397	33.4696
241.404	33.4671
241.414	33.4537
241.426	33.4458
241.425	33.4391
241.434	33.4362
241.436	33.4329
241.462	33.4337
241.463	33.4288
241.475	33.4304
241.487	33.422
241.487	33.4275
241.496	33.4345
241.492	33.4308
241.493	33.4245
241.51	33.4192
241.517	33.3899
241.524	33.3833
241.518	33.3812
241.519	33.3767
241.513	33.3734
241.515	33.3683
241.509	33.3566
241.517	33.3417
241.533	33.3254
241.557	33.3171
241.579	33.3171
241.587	33.3205
241.624	33.3187
241.645	33.3129
241.65	33.3079
241.669	33.2996
241.682	33.3012
241.695	33.3091
241.696	33.3208
241.69	33.3367
241.682	33.3446
241.674	33.3458
241.675	33.3491
241.669	33.3592
241.647	33.3746
241.641	33.3833
241.632	33.39
241.63	33.3967
241.633	33.4067
241.629	33.4104
241.62	33.4096
241.611	33.4179
241.603	33.4162
241.576	33.4279
241.555	33.4287
241.537	33.4412
241.527	33.4429
241.522	33.4488
241.502	33.4421
241.497	33.4546
241.477	33.4621
241.477	33.4662
241.47	33.4679
241.462	33.4779
241.449	33.4737
241.431	33.4762
241.415	33.4746
241.393	33.4791
241.393	33.4775
> Shore Bin # 5160, Level 1
241.452	32.9955
241.452	33.0025
241.447	33.0071
241.44	33.0075
241.435	33.0267
241.426	33.0337
241.413	33.0296
241.405	33.0362
241.392	33.0325
241.394	33.0142
241.403	33.0146
241.411	33.01
241.425	32.9686
241.446	32.9483
241.454	32.9256
241.452	32.9195
241.457	32.9174
241.459	32.9063
241.467	32.9073
241.479	32.8882
241.478	32.8851
241.491	32.8785
241.49	32.8687
241.496	32.8634
241.499	32.8519
241.507	32.8504
241.509	32.8449
241.523	32.842
241.548	32.8199
241.554	32.8202
241.56	32.815
241.565	32.8166
241.569	32.8042
241.575	32.7998
241.584	32.8119
241.595	32.8125
241.598	32.8208
241.606	32.8247
241.637	32.8208
241.643	32.8157
241.651	32.819
241.634	32.838
241.576	32.8791
241.552	32.8977
241.54	32.9114
241.506	32.931
241.479	32.9656
241.456	32.9855
241.453	32.995
241.452	32.9955
> Shore Bin # 5160, Level 1
240.514	33.2656
240.513	33.2692
240.501	33.2676
240.472	33.2858
240.464	33.2858
240.46	33.2817
240.448	33.2815
240.443	33.2742
240.438	33.2726
240.427	33.2782
240.42	33.2783
240.425	33.2664
240.424	33.2604
240.433	33.2526
240.433	33.2459
240.453	33.2314
240.466	33.2315
240.479	33.2282
240.485	33.2224
240.5	33.218
240.515	33.2182
240.523	33.2147
240.54	33.2157
240.548	33.2189
240.561	33.2179
240.563	33.2257
240.57	33.2291
240.539	33.2571
240.514	33.2656
240.514	33.2656
> Shore Bin # 5160, Level 1
240.115	34
240.123	33.9806
240.134	33.9789
240.148	33.968
240.158	33.9707
240.181	33.9604
240.191	33.9639
240.204	33.9631
240.209	33.9597
240.227	33.9623
240.24	33.9596
240.244	33.963
240.255	33.964
240.276	33.9598
240.283	33.9615
240.292	33.9691
240.297	33.9671
240.299	33.9714
240.307	33.9723
240.341	33.9881
240.403	33.99
240.407	33.9898
240.422	33.9965
240.442	33.9981
240.445	34
> Shore Bin # 5160, Level 1
240	33.9427
240.001	33.9429
240.031	33.9426
240.019	33.9704
240.021	33.9838
240.013	33.9855
240.001	33.983
240	33.9825
240	33.9825
> Shore Bin # 5160, Level 1
240.969	33.4714
240.971	33.4883
240.968	33.4893
240.961	33.4834
240.952	33.4845
240.958	33.4661
240.967	33.4654
240.969	33.4707
240.969	33.4714
> Shore Bin # 5160, Level 1
240.169	33.9517
240.168	33.949
240.171	33.9466
240.176	33.9496
240.171	33.9531
240.169	33.9517
> Shore Bin # 5160, Level 1
240.951	33.4653
240.952	33.4616
240.954	33.4636
240.952	33.466
240.951	33.4653
> Shore Bin # 5160, Level 1
241.383	33.0341
241.387	33.0333
241.383	33.035
241.383	33.0341
> Shore Bin # 5160, Level 1
241.406	33.0375
241.41	33.0383
241.406	33.0383
241.406	33.0375
> Shore Bin # 5161, Level 1
242	33.6526
242.009	33.6452
242.059	33.6194
242.072	33.6057
242.126	33.593
242.139	33.5823
242.157	33.5749
242.166	33.5657
242.176	33.5605
242.179	33.553
242.19	33.5516
242.193	33.5466
242.213	33.5417
242.238	33.5142
242.246	33.5096
242.258	33.4964
242.262	33.4853
242.272	33.482
242.283	33.4591
242.29	33.4593
242.292	33.4626
242.3	33.46
242.313	33.4608
242.344	33.4448
242.383	33.4117
242.394	33.3995
242.401	33.3842
242.421	33.3784
242.448	33.3641
242.492	33.3321
242.565	33.2543
242.594	33.2121
242.6	33.209
242.638	33.1655
242.663	33.1277
242.668	33.125
242.701	33.0359
242.718	33.0088
242.73	32.9539
242.739	32.9256
242.74	32.9142
242.745	32.9021
242.748	32.8801
242.741	32.8564
242.735	32.8508
242.728	32.8535
242.72	32.8486
242.717	32.8443
242.717	32.8318
242.718	32.8224
242.741	32.8007
242.746	32.7833
242.746	32.7659
242.751	32.759
242.743	32.7449
242.741	32.7263
242.743	32.699
242.754	32.673
242.753	32.6675
242.76	32.6648
242.763	32.6666
242.763	32.6824
242.767	32.686
242.761	32.6891
242.76	32.6962
242.763	32.7048
242.779	32.7183
242.78	32.7209
242.775	32.7216
242.774	32.725
242.783	32.7223
242.793	32.7282
242.821	32.7277
242.824	32.725
242.826	32.7098
242.861	32.6899
242.859	32.6869
242.866	32.6873
242.88	32.6736
242.875	32.6699
242.879	32.6677
242.884	32.6397
242.899	32.6294
242.902	32.6152
242.886	32.6015
242.878	32.6037
242.871	32.613
242.873	32.621
242.869	32.6246
242.869	32.6314
242.863	32.6346
242.855	32.6534
242.84	32.6716
242.846	32.6807
242.842	32.6826
242.836	32.6774
242.833	32.6788
242.836	32.6989
242.812	32.7084
242.813	32.7147
242.808	32.7166
242.791	32.7158
242.776	32.7083
242.771	32.6964
242.772	32.6872
242.777	32.6831
242.794	32.6891
242.803	32.6891
242.819	32.682
242.838	32.6608
242.862	32.6209
242.867	32.603
242.865	32.5683
242.876	32.5358
242.875	32.4869
242.879	32.4689
242.888	32.4487
242.898	32.4397
242.91	32.394
242.923	32.3742
242.934	32.3466
242.945	32.3289
242.962	32.2834
242.975	32.2687
242.988	32.2682
242.994	32.2642
243.026	32.2573
243.052	32.2482
243.065	32.2403
243.077	32.2264
243.085	32.2029
243.091	32.1673
243.096	32.1635
243.111	32.1297
243.112	32.0854
243.116	32.0779
243.112	32.0329
243.118	32.0179
243.134	32.0027
243.135	32
> Shore Bin # 5161, Level 1
242.749	32.4206
242.755	32.3934
242.761	32.3881
242.758	32.4149
242.751	32.4208
242.749	32.4206
> Shore Bin # 5161, Level 1
242.736	32.4188
242.738	32.4148
242.742	32.4149
242.743	32.4192
242.738	32.4203
242.736	32.4188
> Shore Bin # 5161, Level 1
242.7	32.4464
242.7	32.4388
242.707	32.4324
242.703	32.4464
242.7	32.4464
> Shore Bin # 5161, Level 1
242.736	32.4265
242.736	32.4213
242.739	32.4225
242.738	32.4266
242.736	32.4265
> Shore Bin # 5161, Level 2
243.078	32.6453
243.084	32.6306
243.09	32.6286
243.097	32.6303
243.077	32.6125
243.068	32.6078
243.064	32.6114
243.07	32.6425
243.063	32.6628
243.069	32.6611
243.076	32.6531
243.078	32.6453
> Shore Bin # 5161, Level 2
243.078	32.9436
243.086	32.9497
243.101	32.95
243.106	32.9469
243.107	32.9353
243.091	32.9205
243.071	32.9186
243.066	32.9217
243.066	32.9278
243.076	32.9408
243.078	32.9436
> Shore Bin # 5161, Level 2
244	33.3842
243.978	33.3978
243.97	33.4053
243.963	33.4189
243.956	33.4508
243.938	33.4764
243.941	33.5
243.953	33.5114
243.969	33.5178
244	33.5235
> Shore Bin # 5162, Level 2
244	33.5235
244.008	33.525
244.03	33.5253
244.036	33.5242
244.066	33.5136
244.088	33.4967
244.231	33.3572
244.256	33.3489
244.309	33.3489
244.337	33.3422
244.352	33.3336
244.363	33.3225
244.394	33.2808
244.406	33.24
244.405	33.2153
244.39	33.2078
244.385	33.1964
244.358	33.1781
244.334	33.1492
244.32	33.125
244.316	33.1219
244.304	33.1261
244.3	33.1231
244.299	33.1103
244.294	33.1078
244.244	33.1167
244.21	33.1633
244.191	33.1745
244.177	33.177
244.163	33.2111
244.145	33.2378
244.138	33.27
244.128	33.288
244.109	33.3053
244.077	33.3222
244.062	33.3419
244.041	33.3595
244	33.3842
> Shore Bin # 5341, Level 1
243.135	32
243.139	31.9921
243.166	31.9774
243.201	31.9799
243.209	31.9757
243.222	31.9749
243.238	31.9595
243.243	31.9109
243.249	31.9024
243.279	31.9006
243.285	31.8948
243.297	31.8951
243.331	31.8598
243.337	31.8626
243.359	31.8583
243.37	31.8459
243.368	31.8579
243.371	31.8592
243.379	31.856
243.377	31.8527
243.385	31.843
243.389	31.8165
243.378	31.7799
243.388	31.7707
243.386	31.7657
243.379	31.7632
243.377	31.7501
243.36	31.7222
243.361	31.7137
243.367	31.7092
243.369	31.6981
243.365	31.6992
243.361	31.7065
243.341	31.7168
243.359	31.7254
243.368	31.7496
243.374	31.7529
243.374	31.7651
243.377	31.7723
243.373	31.7694
243.359	31.7384
243.348	31.7248
243.337	31.7183
243.328	31.7183
243.317	31.7284
243.302	31.7326
243.272	31.749
243.257	31.749
243.256	31.7442
243.251	31.7423
243.262	31.7398
243.264	31.7327
243.272	31.731
243.274	31.7205
243.283	31.7234
243.281	31.715
243.284	31.7123
243.29	31.7098
243.301	31.7146
243.309	31.7054
243.307	31.7026
243.321	31.6977
243.32	31.6932
243.348	31.664
243.346	31.6454
243.331	31.6146
243.334	31.5998
243.345	31.5905
243.347	31.5827
243.344	31.5791
243.326	31.5791
243.317	31.5707
243.306	31.5714
243.31	31.559
243.306	31.5528
243.315	31.549
243.322	31.5534
243.332	31.5488
243.334	31.5346
243.338	31.5338
243.339	31.5272
243.351	31.5171
243.352	31.5132
243.363	31.5159
243.367	31.5141
243.388	31.4951
243.394	31.461
243.401	31.4593
243.417	31.4641
243.426	31.4633
243.446	31.4514
243.453	31.4442
243.474	31.4347
243.486	31.4143
243.496	31.409
243.495	31.4057
243.511	31.3767
243.51	31.3686
243.519	31.3616
243.527	31.3601
243.528	31.3515
243.541	31.3452
243.543	31.3341
243.54	31.3298
243.548	31.3291
243.551	31.3226
243.559	31.3214
243.567	31.3098
243.58	31.3029
243.584	31.2917
243.591	31.2905
243.597	31.284
243.604	31.2821
243.612	31.2664
243.627	31.2569
243.628	31.252
243.639	31.2405
243.646	31.2249
243.646	31.2132
243.658	31.207
243.664	31.1896
243.689	31.1528
243.685	31.0935
243.66	30.9766
243.665	30.9642
243.673	30.9562
243.68	30.9546
243.704	30.9612
243.716	30.9687
243.732	30.9653
243.755	30.9321
243.764	30.9329
243.777	30.918
243.785	30.9133
243.795	30.8867
243.811	30.8754
243.824	30.8613
243.834	30.8596
243.843	30.862
243.852	30.8587
243.894	30.8229
243.903	30.8187
243.913	30.8212
243.922	30.8196
243.94	30.8025
243.95	30.7724
243.953	30.7175
243.967	30.7
243.973	30.6633
243.968	30.5725
243.955	30.4991
243.951	30.4933
243.952	30.4725
243.956	30.4633
243.965	30.4566
243.97	30.4358
243.98	30.4329
243.986	30.4242
243.995	30.3891
243.995	30.3759
243.992	30.3733
243.994	30.365
244	30.3593
> Shore Bin # 5341, Level 1
243.871	30.4833
243.873	30.4796
243.882	30.4763
243.887	30.4804
243.895	30.4825
243.89	30.4842
243.885	30.4954
243.879	30.4954
243.871	30.4892
243.871	30.4833
> Shore Bin # 5341, Level 1
244	30.4147
243.99	30.4258
243.985	30.4325
243.985	30.4425
243.975	30.4542
243.979	30.4554
243.984	30.4504
243.995	30.4537
244	30.4521
> Shore Bin # 5341, Level 1
243.198	31.8124
243.191	31.8129
243.188	31.8089
243.195	31.8082
243.198	31.8048
243.2	31.8111
243.198	31.8124
> Shore Bin # 5341, Level 1
243.207	31.8066
243.201	31.8044
243.213	31.7891
243.213	31.8041
243.208	31.8065
243.207	31.8066
> Shore Bin # 5342, Level 1
245.449	30
245.447	30.0026
245.434	30.0113
245.433	30.0268
245.424	30.0323
245.416	30.0524
245.418	30.0695
245.414	30.078
245.403	30.0882
245.392	30.112
245.371	30.1211
245.366	30.1288
245.364	30.1417
245.349	30.1668
245.347	30.1745
245.336	30.1848
245.331	30.1982
245.347	30.2181
245.349	30.2267
245.347	30.2415
245.36	30.2574
245.359	30.2653
245.343	30.2792
245.343	30.2843
245.347	30.2891
245.347	30.2971
245.354	30.3153
245.355	30.3377
245.36	30.3394
245.358	30.3481
245.361	30.3439
245.364	30.3465
245.365	30.3646
245.357	30.374
245.37	30.4191
245.362	30.4419
245.361	30.457
245.368	30.4701
245.37	30.4914
245.368	30.5008
245.349	30.5307
245.351	30.5388
245.347	30.5456
245.348	30.557
245.339	30.5666
245.335	30.5776
245.323	30.5873
245.302	30.6293
245.305	30.6817
245.294	30.7142
245.306	30.7391
245.301	30.7441
245.306	30.7543
245.3	30.7572
245.302	30.7581
245.3	30.7854
245.304	30.8124
245.3	30.815
245.298	30.7906
245.299	30.8199
245.29	30.8476
245.297	30.8682
245.293	30.8765
245.289	30.8757
245.293	30.879
245.288	30.9127
245.278	30.9375
245.189	30.9783
245.173	30.9902
245.165	31.0011
245.162	31.0083
245.164	31.022
245.173	31.0405
245.186	31.0438
245.187	31.0491
245.183	31.0556
245.175	31.056
245.165	31.069
245.15	31.074
245.139	31.0832
245.136	31.0889
245.129	31.0935
245.113	31.1187
245.107	31.1577
245.114	31.2049
245.107	31.2058
245.099	31.2105
245.096	31.2181
245.1	31.2116
245.103	31.218
245.104	31.2085
245.113	31.2076
245.117	31.2366
245.115	31.2518
245.112	31.2497
245.114	31.2376
245.11	31.236
245.11	31.2325
245.109	31.2365
245.112	31.2396
245.111	31.2549
245.115	31.2658
245.102	31.2567
245.105	31.2309
245.099	31.2334
245.104	31.2358
245.103	31.2431
245.098	31.2368
245.091	31.2346
245.1	31.2412
245.091	31.2396
245.101	31.2447
245.091	31.2446
245.101	31.2478
245.1	31.2533
245.093	31.2492
245.1	31.2552
245.095	31.2568
245.091	31.2539
245.093	31.258
245.086	31.2583
245.081	31.2633
245.091	31.2592
245.086	31.2679
245.1	31.2566
245.096	31.2607
245.102	31.2583
245.105	31.2619
245.096	31.265
245.094	31.2667
245.1	31.2657
245.084	31.2775
245.105	31.2648
245.106	31.2681
245.095	31.2733
245.093	31.2781
245.097	31.2733
245.104	31.2717
245.108	31.2681
245.108	31.2619
245.111	31.266
245.113	31.2801
245.107	31.2748
245.101	31.2809
245.112	31.2844
245.103	31.2891
245.088	31.2892
245.091	31.291
245.085	31.3022
245.093	31.2899
245.111	31.2889
245.111	31.2923
245.099	31.3026
245.112	31.2934
245.113	31.285
245.117	31.2874
245.118	31.2989
245.114	31.3012
245.117	31.3104
245.12	31.369
245.117	31.3949
245.119	31.4058
245.128	31.4082
245.13	31.4181
245.139	31.4254
245.142	31.4346
245.145	31.46
245.141	31.4885
245.149	31.5305
245.156	31.5516
245.167	31.5643
245.17	31.5809
245.18	31.5876
245.178	31.5983
245.191	31.6011
245.191	31.6103
245.202	31.6122
245.215	31.6225
245.217	31.6391
245.216	31.6641
245.21	31.6822
245.176	31.735
245.179	31.7895
245.175	31.8078
245.161	31.8066
245.154	31.8092
245.147	31.8065
245.113	31.8316
245.148	31.8073
245.153	31.8101
245.162	31.8074
245.171	31.8093
245.162	31.8314
245.152	31.8291
245.161	31.8343
245.149	31.8524
245.14	31.8606
245.103	31.8691
245.092	31.8693
245.08	31.8634
245.069	31.8642
245.054	31.8709
245.045	31.881
245.063	31.8685
245.075	31.8642
245.085	31.8686
245.076	31.8735
245.067	31.8843
245.085	31.8716
245.098	31.8743
245.146	31.8641
245.159	31.8547
245.17	31.8398
245.189	31.8223
245.221	31.8215
245.222	31.8243
245.217	31.8341
245.224	31.8209
245.245	31.8133
245.29	31.7727
245.31	31.7633
245.323	31.7607
245.382	31.7635
245.413	31.7531
245.415	31.7781
245.417	31.749
245.445	31.7359
245.453	31.7201
245.468	31.7035
245.489	31.6966
245.487	31.6916
245.503	31.6806
245.504	31.6768
245.534	31.6703
245.549	31.6598
245.549	31.6521
245.553	31.6483
245.568	31.6456
245.583	31.6349
245.608	31.6281
245.638	31.6079
245.664	31.5981
245.671	31.593
245.672	31.5816
245.684	31.5764
245.698	31.5609
245.724	31.5442
245.771	31.5274
245.801	31.5071
245.841	31.4939
245.868	31.4905
245.931	31.4917
245.955	31.4881
245.971	31.4898
245.977	31.4933
245.977	31.5038
245.983	31.5169
245.99	31.5232
245.985	31.5258
245.978	31.5182
245.975	31.5082
245.967	31.5066
245.966	31.5089
245.974	31.5096
245.968	31.5149
245.972	31.5115
245.975	31.513
245.976	31.5179
245.971	31.522
245.978	31.5207
245.986	31.5338
245.969	31.5366
245.964	31.5401
245.968	31.5389
245.97	31.5429
245.971	31.5393
245.985	31.5366
245.991	31.532
245.99	31.525
245.998	31.5222
246	31.5234
> Shore Bin # 5342, Level 1
244	30.4521
244.004	30.4508
244.007	30.4416
244.021	30.4274
244.031	30.4271
244.034	30.434
244.044	30.4381
244.041	30.4429
244.044	30.4497
244.038	30.4549
244.038	30.4634
244.032	30.4696
244.023	30.4714
244.027	30.4772
244.021	30.4791
244.013	30.4921
244.002	30.4975
244.002	30.5018
244.007	30.5061
244.006	30.4988
244.022	30.497
244.017	30.4901
244.022	30.4833
244.032	30.4856
244.049	30.4628
244.055	30.4598
244.062	30.4608
244.07	30.4474
244.064	30.4306
244.057	30.4218
244.06	30.4132
244.049	30.4099
244.036	30.4115
244.032	30.4085
244.029	30.4115
244.013	30.3948
244.018	30.3925
244.045	30.4025
244.064	30.4049
244.081	30.4015
244.099	30.3933
244.136	30.3698
244.155	30.3529
244.165	30.3399
244.175	30.3156
244.183	30.3092
244.189	30.2994
244.197	30.2805
244.204	30.2432
244.205	30.1999
244.197	30.152
244.199	30.1324
244.211	30.1158
244.209	30.1116
244.219	30.0901
244.201	30.0009
244.201	30
> Shore Bin # 5342, Level 1
245.3	31.6707
245.311	31.6755
245.31	31.6873
245.307	31.695
245.312	31.6848
245.318	31.6891
245.312	31.6825
245.317	31.6686
245.324	31.6634
245.338	31.6616
245.343	31.658
245.357	31.6582
245.359	31.6612
245.357	31.6669
245.359	31.6718
245.358	31.6822
245.344	31.714
245.294	31.7466
245.289	31.7365
245.29	31.7487
245.271	31.7638
245.252	31.7888
245.235	31.804
245.204	31.8055
245.204	31.7843
245.199	31.764
245.2	31.7509
245.207	31.7307
245.227	31.7098
245.246	31.695
245.286	31.6766
245.284	31.6909
245.288	31.6762
245.299	31.6724
245.3	31.6707
> Shore Bin # 5342, Level 1
244	30.3593
244	30.3593
244.014	30.3572
244.021	30.3659
244.015	30.3739
244.013	30.3815
244.009	30.3804
244.009	30.3775
244.008	30.3791
244.004	30.3918
244.006	30.4085
244	30.4147
> Shore Bin # 5342, Level 1
245.395	31.7284
245.401	31.7312
245.405	31.7452
245.404	31.749
245.393	31.754
245.339	31.7567
245.329	31.7535
245.334	31.7451
245.345	31.7423
245.369	31.73
245.393	31.7284
245.395	31.7284
> Shore Bin # 5342, Level 1
245.444	30.0916
245.444	30.0891
245.449	30.0877
245.452	30.0897
245.456	30.0826
245.463	30.0816
245.464	30.0837
245.458	30.0933
245.444	30.0934
245.444	30.0916
> Shore Bin # 5342, Level 1
245.525	30.0213
245.519	30.0183
245.523	30.0122
245.526	30.014
245.526	30.0208
245.525	30.0213
> Shore Bin # 5342, Level 1
245.502	30.0526
245.506	30.0528
245.504	30.0588
245.501	30.0563
245.502	30.0531
245.502	30.0526
> Shore Bin # 5342, Level 1
245.373	30.1319
245.372	30.1282
245.373	30.1311
245.373	30.1319
> Shore Bin # 5342, Level 2
245.094	31.9767
245.115	31.9667
245.122	31.9658
245.136	31.9675
245.145	31.9728
245.165	31.9717
245.178	31.9808
245.189	31.9778
245.226	31.9342
245.23	31.9311
245.258	31.93
245.269	31.912
245.278	31.9064
245.303	31.8994
245.324	31.8833
245.34	31.877
245.343	31.8728
245.342	31.8675
245.328	31.8522
245.329	31.8344
245.325	31.8306
245.307	31.8425
245.281	31.8478
245.206	31.8803
245.18	31.8856
245.175	31.8886
245.173	31.9061
245.154	31.9378
245.125	31.9475
245.109	31.9675
245.101	31.9731
245.094	31.9767
> Shore Bin # 5343, Level 1
246	31.5234
246.018	31.5321
246.024	31.5398
246.02	31.5448
246.042	31.5633
246.029	31.5803
246.002	31.5607
246.006	31.5641
246.002	31.5684
246.011	31.5686
246.014	31.5716
246.01	31.5736
246.019	31.5756
246.007	31.5889
246.002	31.5879
246.004	31.5914
246.001	31.5966
246.014	31.5828
246.031	31.5833
246.035	31.5859
246.031	31.6054
246.024	31.6186
246.028	31.6388
246.026	31.6602
246.032	31.6444
246.038	31.648
246.033	31.6419
246.033	31.6309
246.043	31.6165
246.048	31.6174
246.051	31.631
246.054	31.6284
246.052	31.6154
246.055	31.6114
246.068	31.6048
246.081	31.6089
246.077	31.6261
246.083	31.6367
246.081	31.6244
246.086	31.6215
246.095	31.624
246.089	31.6189
246.097	31.6143
246.1	31.6202
246.106	31.6209
246.108	31.6248
246.109	31.6217
246.106	31.6183
246.101	31.6184
246.099	31.6132
246.104	31.6049
246.105	31.6126
246.114	31.6176
246.113	31.6137
246.106	31.6096
246.116	31.6041
246.123	31.6234
246.123	31.6128
246.126	31.6144
246.127	31.6191
246.13	31.6187
246.128	31.6116
246.122	31.6103
246.12	31.6007
246.127	31.5863
246.138	31.5886
246.142	31.5944
246.15	31.5955
246.152	31.605
246.154	31.5998
246.158	31.5991
246.153	31.5947
246.156	31.5876
246.161	31.5899
246.158	31.5844
246.184	31.5685
246.193	31.565
246.211	31.5642
246.215	31.5683
246.218	31.5666
246.228	31.5718
246.23	31.5696
246.226	31.5695
246.217	31.5602
246.218	31.555
246.276	31.536
246.311	31.5196
246.341	31.5009
246.364	31.4698
246.368	31.4517
246.366	31.4465
246.367	31.4365
246.371	31.4299
246.379	31.4294
246.373	31.4292
246.371	31.4262
246.376	31.4176
246.374	31.4098
246.382	31.3861
246.388	31.3771
246.385	31.372
246.389	31.37
246.391	31.3633
246.386	31.3456
246.389	31.3443
246.388	31.3416
246.37	31.3425
246.362	31.3474
246.357	31.3453
246.357	31.3422
246.369	31.3315
246.381	31.3257
246.407	31.3248
246.447	31.3158
246.453	31.3041
246.448	31.3078
246.446	31.303
246.453	31.2959
246.469	31.2951
246.547	31.28
246.557	31.2803
246.562	31.2852
246.558	31.2917
246.549	31.2891
246.543	31.2915
246.551	31.2906
246.56	31.2934
246.566	31.2883
246.584	31.2875
246.607	31.2771
246.598	31.2775
246.584	31.2853
246.573	31.2818
246.567	31.284
246.567	31.2797
246.573	31.2757
246.646	31.2645
246.731	31.2434
246.758	31.2399
246.78	31.2421
246.781	31.2472
246.773	31.25
246.734	31.254
246.732	31.2574
246.715	31.26
246.706	31.2576
246.709	31.2609
246.705	31.2627
246.707	31.2636
246.735	31.2575
246.75	31.2596
246.751	31.2638
246.747	31.2722
246.735	31.2791
246.736	31.2812
246.747	31.2769
246.747	31.2873
246.753	31.268
246.76	31.2623
246.765	31.2625
246.767	31.2664
246.783	31.2597
246.79	31.2481
246.792	31.2344
246.808	31.2209
246.831	31.2126
246.846	31.2029
246.864	31.1991
246.881	31.1906
246.889	31.193
246.889	31.1974
246.881	31.2014
246.882	31.206
246.87	31.2109
246.87	31.2149
246.865	31.2133
246.862	31.2157
246.87	31.2167
246.875	31.2107
246.886	31.2105
246.89	31.2032
246.893	31.2051
246.899	31.1978
246.9	31.1881
246.905	31.1841
246.904	31.1783
246.911	31.1615
246.921	31.1554
246.927	31.1607
246.931	31.1543
246.929	31.1561
246.925	31.1532
246.928	31.1416
246.918	31.1273
246.921	31.0898
246.929	31.0694
246.93	31.0529
246.925	31.0359
246.91	31.0235
246.908	31.0164
246.919	31.0067
246.922	30.9983
246.917	30.9923
246.912	31.004
246.906	31.0053
246.906	30.9866
246.902	30.9981
246.9	31.0343
246.886	31.048
246.881	31.0655
246.874	31.0665
246.868	31.0614
246.868	31.0528
246.893	31.003
246.891	30.9985
246.895	30.9968
246.903	30.971
246.898	30.8914
246.886	30.8415
246.874	30.8206
246.872	30.8097
246.893	30.7572
246.901	30.7114
246.912	30.6795
246.955	30.6083
246.989	30.565
247.009	30.5263
247.015	30.5214
247.035	30.5174
247.056	30.5013
247.095	30.4639
247.1	30.4543
247.124	30.4273
247.142	30.3904
247.151	30.3343
247.147	30.2847
247.143	30.2757
247.133	30.2682
247.147	30.2597
247.146	30.2673
247.156	30.27
247.167	30.269
247.184	30.2614
247.221	30.2283
247.239	30.1979
247.246	30.1733
247.246	30.1475
247.243	30.1303
247.245	30.11
247.237	30.0793
247.237	30.0605
247.256	30.0291
247.262	30.0122
247.261	30.0049
247.265	30
247.265	30
> Shore Bin # 5343, Level 1
246.741	31.0156
246.739	31.0123
246.744	31.0083
246.746	31.0123
246.744	31.0158
246.741	31.0156
> Shore Bin # 5343, Level 1
246.027	31.5812
246.017	31.581
246.02	31.5776
246.027	31.581
246.027	31.5812
> Shore Bin # 5343, Level 1
246.367	31.4247
246.374	31.4152
246.365	31.4353
246.366	31.4256
246.367	31.4247
> Shore Bin # 5343, Level 1
246.734	31.0165
246.736	31.0141
246.735	31.0165
246.734	31.0165
> Shore Bin # 5343, Level 1
246.734	31.0248
246.736	31.0213
246.735	31.025
246.734	31.0248
> Shore Bin # 5343, Level 1
246.738	31.02
246.738	31.0173
246.739	31.0195
246.738	31.02
