x y z ux uy uz sxx syy szz syz sxz sxy
(km) (km) (km) (m) (m) (m) (bar) (bar) (bar) (bar) (bar) (bar)
  -50.0000  -50.0000   -7.5000    0.0413    0.0448    0.0059    0.4760    0.5024    0.0145    0.1073    0.1050    0.5992 
  -50.0000  -46.0000   -7.5000    0.0449    0.0466    0.0059    0.5711    0.4943    0.0160    0.1144    0.1214    0.6541 
  -50.0000  -42.0000   -7.5000    0.0487    0.0482    0.0059    0.6799    0.4747    0.0174    0.1205    0.1393    0.7068 
  -50.0000  -38.0000   -7.5000    0.0526    0.0496    0.0057    0.8022    0.4412    0.0186    0.1250    0.1586    0.7542 
  -50.0000  -34.0000   -7.5000    0.0565    0.0505    0.0054    0.9373    0.3916    0.0193    0.1272    0.1786    0.7926 
  -50.0000  -30.0000   -7.5000    0.0602    0.0510    0.0050    1.0827    0.3243    0.0194    0.1263    0.1985    0.8175 
  -50.0000  -26.0000   -7.5000    0.0637    0.0510    0.0043    1.2346    0.2379    0.0184    0.1217    0.2172    0.8235 
  -50.0000  -22.0000   -7.5000    0.0666    0.0503    0.0035    1.3870    0.1325    0.0161    0.1125    0.2332    0.8049 
  -50.0000  -18.0000   -7.5000    0.0689    0.0488    0.0024    1.5310    0.0097    0.0122    0.0984    0.2446    0.7554 
  -50.0000  -14.0000   -7.5000    0.0701    0.0465    0.0011    1.6546   -0.1266    0.0065    0.0796    0.2494    0.6692 
  -50.0000  -10.0000   -7.5000    0.0700    0.0434   -0.0005    1.7422   -0.2686   -0.0009    0.0566    0.2455    0.5422 
  -50.0000   -6.0000   -7.5000    0.0684    0.0395   -0.0022    1.7745   -0.4048   -0.0095    0.0311    0.2316    0.3739 
  -50.0000   -2.0000   -7.5000    0.0649    0.0350   -0.0041    1.7308   -0.5200   -0.0184    0.0053    0.2071    0.1706 
  -50.0000    2.0000   -7.5000    0.0595    0.0301   -0.0060    1.5930   -0.5973   -0.0262   -0.0179    0.1727   -0.0519 
  -50.0000    6.0000   -7.5000    0.0524    0.0252   -0.0080    1.3537   -0.6235   -0.0318   -0.0364    0.1307   -0.2667 
  -50.0000   10.0000   -7.5000    0.0438    0.0207   -0.0100    1.0245   -0.5957   -0.0345   -0.0482    0.0839   -0.4404 
  -50.0000   14.0000   -7.5000    0.0344    0.0169   -0.0119    0.6412   -0.5260   -0.0347   -0.0524    0.0356   -0.5427 
  -50.0000   18.0000   -7.5000    0.0250    0.0139   -0.0135    0.2570   -0.4390   -0.0333   -0.0483   -0.0105   -0.5595 
  -50.0000   22.0000   -7.5000    0.0164    0.0119   -0.0150   -0.0735   -0.3616   -0.0312   -0.0365   -0.0505   -0.4999 
  -50.0000   26.0000   -7.5000    0.0092    0.0105   -0.0161   -0.3134   -0.3118   -0.0289   -0.0188   -0.0801   -0.3917 
  -50.0000   30.0000   -7.5000    0.0036    0.0095   -0.0168   -0.4520   -0.2931   -0.0265    0.0012   -0.0970   -0.2690 
  -50.0000   34.0000   -7.5000   -0.0003    0.0087   -0.0171   -0.5018   -0.2972   -0.0237    0.0199   -0.1013   -0.1594 
  -50.0000   38.0000   -7.5000   -0.0029    0.0078   -0.0169   -0.4877   -0.3111   -0.0205    0.0342   -0.0954   -0.0777 
  -50.0000   42.0000   -7.5000   -0.0043    0.0068   -0.0164   -0.4365   -0.3234   -0.0171    0.0429   -0.0830   -0.0271 
  -50.0000   46.0000   -7.5000   -0.0050    0.0057   -0.0157   -0.3698   -0.3271   -0.0138    0.0463   -0.0678   -0.0029 
  -50.0000   50.0000   -7.5000   -0.0051    0.0045   -0.0148   -0.3018   -0.3200   -0.0107    0.0455   -0.0524    0.0025 
  -46.0000  -50.0000   -7.5000    0.0429    0.0488    0.0060    0.4653    0.6060    0.0161    0.1244    0.1117    0.6520 
  -46.0000  -46.0000   -7.5000    0.0471    0.0512    0.0061    0.5684    0.6080    0.0177    0.1341    0.1305    0.7215 
  -46.0000  -42.0000   -7.5000    0.0514    0.0534    0.0061    0.6887    0.5974    0.0192    0.1427    0.1513    0.7909 
  -46.0000  -38.0000   -7.5000    0.0560    0.0554    0.0059    0.8268    0.5713    0.0202    0.1497    0.1738    0.8570 
  -46.0000  -34.0000   -7.5000    0.0607    0.0570    0.0056    0.9826    0.5265    0.0206    0.1541    0.1975    0.9158 
  -46.0000  -30.0000   -7.5000    0.0653    0.0581    0.0051    1.1544    0.4600    0.0198    0.1549    0.2213    0.9621 
  -46.0000  -26.0000   -7.5000    0.0697    0.0586    0.0044    1.3390    0.3694    0.0173    0.1510    0.2438    0.9897 
  -46.0000  -22.0000   -7.5000    0.0737    0.0583    0.0035    1.5308    0.2529    0.0126    0.1414    0.2631    0.9910 
  -46.0000  -18.0000   -7.5000    0.0769    0.0572    0.0023    1.7208    0.1104    0.0051    0.1254    0.2765    0.9579 
  -46.0000  -14.0000   -7.5000    0.0791    0.0551    0.0008    1.8963   -0.0555   -0.0055    0.1030    0.2814    0.8811 
  -46.0000  -10.0000   -7.5000    0.0798    0.0519   -0.0010    2.0389   -0.2381   -0.0192    0.0751    0.2749    0.7521 
  -46.0000   -6.0000   -7.5000    0.0786    0.0477   -0.0030    2.1236   -0.4248   -0.0350    0.0441    0.2550    0.5650 
  -46.0000   -2.0000   -7.5000    0.0752    0.0425   -0.0051    2.1193   -0.5955   -0.0509    0.0136    0.2216    0.3210 
  -46.0000    2.0000   -7.5000    0.0693    0.0367   -0.0073    1.9928   -0.7241   -0.0640   -0.0128    0.1766    0.0349 
  -46.0000    6.0000   -7.5000    0.0610    0.0306   -0.0095    1.7202   -0.7846   -0.0716   -0.0322    0.1241   -0.2592 
  -46.0000   10.0000   -7.5000    0.0505    0.0249   -0.0116    1.3054   -0.7643   -0.0725   -0.0438    0.0681   -0.5093 
  -46.0000   14.0000   -7.5000    0.0388    0.0200   -0.0137    0.7956   -0.6759   -0.0681   -0.0473    0.0114   -0.6617 
  -46.0000   18.0000   -7.5000    0.0270    0.0164   -0.0156    0.2756   -0.5575   -0.0612   -0.0422   -0.0433   -0.6872 
  -46.0000   22.0000   -7.5000    0.0164    0.0139   -0.0172   -0.1641   -0.4540   -0.0543   -0.0275   -0.0914   -0.5988 
  -46.0000   26.0000   -7.5000    0.0078    0.0122   -0.0185   -0.4644   -0.3935   -0.0485   -0.0047   -0.1265   -0.4438 
  -46.0000   30.0000   -7.5000    0.0014    0.0111   -0.0193   -0.6147   -0.3780   -0.0431    0.0215   -0.1436   -0.2775 
  -46.0000   34.0000   -7.5000   -0.0027    0.0100   -0.0195   -0.6429   -0.3909   -0.0376    0.0448   -0.1426   -0.1402 
  -46.0000   38.0000   -7.5000   -0.0051    0.0088   -0.0191   -0.5924   -0.4107   -0.0316    0.0607   -0.1279   -0.0490 
  -46.0000   42.0000   -7.5000   -0.0062    0.0075   -0.0184   -0.5043   -0.4217   -0.0254    0.0680   -0.1057   -0.0022 
  -46.0000   46.0000   -7.5000   -0.0064    0.0060   -0.0173   -0.4075   -0.4167   -0.0197    0.0678   -0.0816    0.0114 
  -46.0000   50.0000   -7.5000   -0.0062    0.0044   -0.0161   -0.3186   -0.3960   -0.0146    0.0626   -0.0593    0.0048 
  -42.0000  -50.0000   -7.5000    0.0444    0.0530    0.0061    0.4432    0.7238    0.0176    0.1431    0.1173    0.7009 
  -42.0000  -46.0000   -7.5000    0.0490    0.0561    0.0062    0.5529    0.7398    0.0193    0.1558    0.1384    0.7866 
  -42.0000  -42.0000   -7.5000    0.0540    0.0590    0.0062    0.6836    0.7428    0.0207    0.1676    0.1621    0.8752 
  -42.0000  -38.0000   -7.5000    0.0594    0.0617    0.0060    0.8368    0.7291    0.0213    0.1777    0.1880    0.9636 
  -42.0000  -34.0000   -7.5000    0.0649    0.0641    0.0057    1.0133    0.6945    0.0208    0.1848    0.2154    1.0474 
  -42.0000  -30.0000   -7.5000    0.0705    0.0660    0.0052    1.2128    0.6348    0.0184    0.1877    0.2432    1.1211 
  -42.0000  -26.0000   -7.5000    0.0761    0.0673    0.0044    1.4329    0.5459    0.0133    0.1847    0.2694    1.1777 
  -42.0000  -22.0000   -7.5000    0.0813    0.0678    0.0033    1.6691    0.4240    0.0043    0.1745    0.2914    1.2088 
  -42.0000  -18.0000   -7.5000    0.0858    0.0673    0.0019    1.9137    0.2666   -0.0096    0.1558    0.3058    1.2042 
  -42.0000  -14.0000   -7.5000    0.0892    0.0656    0.0002    2.1547    0.0730   -0.0291    0.1286    0.3086    1.1515 
  -42.0000  -10.0000   -7.5000    0.0911    0.0627   -0.0018    2.3736   -0.1536   -0.0543    0.0943    0.2959    1.0367 
  -42.0000   -6.0000   -7.5000    0.0909    0.0583   -0.0040    2.5415   -0.4026   -0.0834    0.0566    0.2649    0.8453 
  -42.0000   -2.0000   -7.5000    0.0879    0.0525   -0.0064    2.6161   -0.6518   -0.1120    0.0215    0.2163    0.5671 
  -42.0000    2.0000   -7.5000    0.0817    0.0456   -0.0088    2.5407   -0.8643   -0.1339   -0.0048    0.1554    0.2067 
  -42.0000    6.0000   -7.5000    0.0720    0.0381   -0.0111    2.2575   -0.9926   -0.1431   -0.0192    0.0909   -0.1994 
  -42.0000   10.0000   -7.5000    0.0592    0.0307   -0.0134    1.7424   -0.9994   -0.1374   -0.0247    0.0298   -0.5731 
  -42.0000   14.0000   -7.5000    0.0444    0.0244   -0.0155    1.0505   -0.8907   -0.1211   -0.0260   -0.0283   -0.8147 
  -42.0000   18.0000   -7.5000    0.0294    0.0196   -0.0177    0.3217   -0.7263   -0.1024   -0.0224   -0.0878   -0.8606 
  -42.0000   22.0000   -7.5000    0.0160    0.0164   -0.0196   -0.2830   -0.5847   -0.0872   -0.0076   -0.1459   -0.7288 
  -42.0000   26.0000   -7.5000    0.0056    0.0145   -0.0212   -0.6656   -0.5116   -0.0766    0.0206   -0.1901   -0.5035 
  -42.0000   30.0000   -7.5000   -0.0015    0.0130   -0.0221   -0.8211   -0.5036   -0.0679    0.0550   -0.2080   -0.2774 
  -42.0000   34.0000   -7.5000   -0.0057    0.0115   -0.0222   -0.8083   -0.5280   -0.0585    0.0842   -0.1981   -0.1089 
  -42.0000   38.0000   -7.5000   -0.0077    0.0098   -0.0216   -0.7027   -0.5510   -0.0480    0.1007   -0.1689   -0.0136 
  -42.0000   42.0000   -7.5000   -0.0082    0.0079   -0.0205   -0.5657   -0.5527   -0.0374    0.1036   -0.1316    0.0208 
  -42.0000   46.0000   -7.5000   -0.0079    0.0059   -0.0191   -0.4341   -0.5287   -0.0277    0.0964   -0.0951    0.0166 
  -42.0000   50.0000   -7.5000   -0.0072    0.0038   -0.0175   -0.3240   -0.4840   -0.0197    0.0835   -0.0641   -0.0063 
  -38.0000  -50.0000   -7.5000    0.0455    0.0574    0.0061    0.4079    0.8554    0.0189    0.1632    0.1213    0.7428 
  -38.0000  -46.0000   -7.5000    0.0507    0.0611    0.0062    0.5221    0.8898    0.0206    0.1794    0.1446    0.8460 
  -38.0000  -42.0000   -7.5000    0.0563    0.0649    0.0062    0.6611    0.9118    0.0216    0.1948    0.1710    0.9559 
  -38.0000  -38.0000   -7.5000    0.0625    0.0685    0.0061    0.8278    0.9167    0.0215    0.2085    0.2001    1.0696 
  -38.0000  -34.0000   -7.5000    0.0690    0.0719    0.0057    1.0242    0.8995    0.0194    0.2188    0.2311    1.1828 
  -38.0000  -30.0000   -7.5000    0.0758    0.0748    0.0051    1.2512    0.8547    0.0142    0.2240    0.2624    1.2900 
  -38.0000  -26.0000   -7.5000    0.0826    0.0772    0.0042    1.5082    0.7768    0.0044    0.2219    0.2916    1.3840 
  -38.0000  -22.0000   -7.5000    0.0893    0.0788    0.0030    1.7925    0.6600   -0.0118    0.2103    0.3151    1.4561 
  -38.0000  -18.0000   -7.5000    0.0954    0.0793    0.0014    2.0989    0.4987   -0.0365    0.1874    0.3282    1.4952 
  -38.0000  -14.0000   -7.5000    0.1005    0.0785   -0.0006    2.4190    0.2878   -0.0714    0.1529    0.3250    1.4875 
  -38.0000  -10.0000   -7.5000    0.1041    0.0762   -0.0029    2.7386    0.0240   -0.1166    0.1088    0.2997    1.4142 
  -38.0000   -6.0000   -7.5000    0.1054    0.0721   -0.0055    3.0317   -0.2907   -0.1687    0.0617    0.2484    1.2505 
  -38.0000   -2.0000   -7.5000    0.1035    0.0661   -0.0081    3.2498   -0.6411   -0.2187    0.0224    0.1733    0.9658 
  -38.0000    2.0000   -7.5000    0.0976    0.0582   -0.0106    3.3075   -0.9859   -0.2526    0.0033    0.0865    0.5362 
  -38.0000    6.0000   -7.5000    0.0869    0.0488   -0.0128    3.0826   -1.2467   -0.2569    0.0088    0.0096   -0.0218 
  -38.0000   10.0000   -7.5000    0.0713    0.0391   -0.0148    2.4707   -1.3306   -0.2294    0.0252   -0.0411   -0.6023 
  -38.0000   14.0000   -7.5000    0.0522    0.0304   -0.0168    1.5087   -1.2085   -0.1846    0.0299   -0.0760   -1.0145 
  -38.0000   18.0000   -7.5000    0.0325    0.0239   -0.0192    0.4388   -0.9748   -0.1442    0.0212   -0.1273   -1.1091 
  -38.0000   22.0000   -7.5000    0.0152    0.0198   -0.0218   -0.4300   -0.7757   -0.1208    0.0252   -0.2029   -0.9100 
  -38.0000   26.0000   -7.5000    0.0025    0.0172   -0.0240   -0.9280   -0.6879   -0.1107    0.0584   -0.2702   -0.5770 
  -38.0000   30.0000   -7.5000   -0.0054    0.0152   -0.0252   -1.0744   -0.6925   -0.1027    0.1067   -0.2947   -0.2697 
  -38.0000   34.0000   -7.5000   -0.0093    0.0131   -0.0254   -0.9911   -0.7284   -0.0899    0.1449   -0.2713   -0.0693 
  -38.0000   38.0000   -7.5000   -0.0106    0.0106   -0.0245   -0.8072   -0.7447   -0.0727    0.1597   -0.2188    0.0192 
  -38.0000   42.0000   -7.5000   -0.0103    0.0079   -0.0229   -0.6104   -0.7206   -0.0546    0.1528   -0.1589    0.0294 
  -38.0000   46.0000   -7.5000   -0.0093    0.0052   -0.0209   -0.4425   -0.6600   -0.0386    0.1327   -0.1056   -0.0001 
  -38.0000   50.0000   -7.5000   -0.0081    0.0026   -0.0188   -0.3148   -0.5770   -0.0260    0.1077   -0.0642   -0.0414 
  -34.0000  -50.0000   -7.5000    0.0462    0.0617    0.0060    0.3582    0.9990    0.0199    0.1840    0.1229    0.7738 
  -34.0000  -46.0000   -7.5000    0.0519    0.0663    0.0061    0.4738    1.0570    0.0213    0.2041    0.1481    0.8951 
  -34.0000  -42.0000   -7.5000    0.0583    0.0710    0.0061    0.6182    1.1041    0.0216    0.2237    0.1769    1.0277 
  -34.0000  -38.0000   -7.5000    0.0652    0.0757    0.0059    0.7956    1.1350    0.0200    0.2413    0.2088    1.1694 
  -34.0000  -34.0000   -7.5000    0.0728    0.0803    0.0055    1.0097    1.1440    0.0152    0.2550    0.2427    1.3161 
  -34.0000  -30.0000   -7.5000    0.0808    0.0845    0.0048    1.2631    1.1246    0.0055    0.2623    0.2767    1.4625 
  -34.0000  -26.0000   -7.5000    0.0891    0.0883    0.0037    1.5570    1.0703   -0.0118    0.2603    0.3074    1.6019 
  -34.0000  -22.0000   -7.5000    0.0975    0.0913    0.0023    1.8912    0.9744   -0.0397    0.2457    0.3301    1.7262 
  -34.0000  -18.0000   -7.5000    0.1055    0.0933    0.0004    2.2643    0.8291   -0.0821    0.2157    0.3380    1.8261 
  -34.0000  -14.0000   -7.5000    0.1128    0.0940   -0.0019    2.6745    0.6256   -0.1419    0.1692    0.3228    1.8893 
  -34.0000  -10.0000   -7.5000    0.1187    0.0931   -0.0045    3.1188    0.3518   -0.2195    0.1092    0.2756    1.8973 
  -34.0000   -6.0000   -7.5000    0.1224    0.0901   -0.0074    3.5867   -0.0064   -0.3075    0.0462    0.1901    1.8183 
  -34.0000   -2.0000   -7.5000    0.1228    0.0847   -0.0101    4.0424   -0.4603   -0.3863    0.0004    0.0696    1.5967 
  -34.0000    2.0000   -7.5000    0.1184    0.0763   -0.0123    4.3830   -0.9927   -0.4234   -0.0013   -0.0623    1.1499 
  -34.0000    6.0000   -7.5000    0.1074    0.0650   -0.0138    4.3857   -1.5055   -0.3897    0.0557   -0.1543    0.4134 
  -34.0000   10.0000   -7.5000    0.0888    0.0519   -0.0148    3.7449   -1.7922   -0.2916    0.1360   -0.1532   -0.5184 
  -34.0000   14.0000   -7.5000    0.0637    0.0394   -0.0161    2.3724   -1.6965   -0.1815    0.1560   -0.0890   -1.2765 
  -34.0000   18.0000   -7.5000    0.0369    0.0300   -0.0189    0.7082   -1.3578   -0.1153    0.0974   -0.0937   -1.4862 
  -34.0000   22.0000   -7.5000    0.0140    0.0241   -0.0228   -0.6014   -1.0698   -0.1089    0.0580   -0.2190   -1.1800 
  -34.0000   26.0000   -7.5000   -0.0018    0.0205   -0.0265   -1.2616   -0.9608   -0.1332    0.1002   -0.3590   -0.6817 
  -34.0000   30.0000   -7.5000   -0.0103    0.0175   -0.0287   -1.3703   -0.9776   -0.1477    0.1810   -0.4101   -0.2667 
  -34.0000   34.0000   -7.5000   -0.0135    0.0143   -0.0290   -1.1747   -1.0137   -0.1369    0.2368   -0.3661   -0.0390 
  -34.0000   38.0000   -7.5000   -0.0136    0.0107   -0.0277   -0.8876   -0.9989   -0.1095    0.2452   -0.2756    0.0263 
  -34.0000   42.0000   -7.5000   -0.0123    0.0070   -0.0254   -0.6259   -0.9198   -0.0788    0.2182   -0.1828   -0.0000 
  -34.0000   46.0000   -7.5000   -0.0106    0.0034   -0.0228   -0.4277   -0.7973   -0.0527    0.1759   -0.1084   -0.0580 
  -34.0000   50.0000   -7.5000   -0.0089    0.0002   -0.0201   -0.2911   -0.6588   -0.0333    0.1326   -0.0561   -0.1141 
  -30.0000  -50.0000   -7.5000    0.0465    0.0659    0.0058    0.2930    1.1518    0.0205    0.2049    0.1217    0.7896 
  -30.0000  -46.0000   -7.5000    0.0527    0.0714    0.0059    0.4063    1.2387    0.0212    0.2291    0.1482    0.9286 
  -30.0000  -42.0000   -7.5000    0.0597    0.0772    0.0058    0.5521    1.3176    0.0202    0.2529    0.1787    1.0847 
  -30.0000  -38.0000   -7.5000    0.0675    0.0831    0.0056    0.7364    1.3829    0.0162    0.2746    0.2125    1.2561 
  -30.0000  -34.0000   -7.5000    0.0761    0.0891    0.0050    0.9650    1.4280    0.0071    0.2915    0.2483    1.4395 
  -30.0000  -30.0000   -7.5000    0.0855    0.0949    0.0042    1.2425    1.4464   -0.0099    0.3002    0.2833    1.6300 
  -30.0000  -26.0000   -7.5000    0.0954    0.1004    0.0030    1.5723    1.4317   -0.0388    0.2966    0.3131    1.8218 
  -30.0000  -22.0000   -7.5000    0.1058    0.1053    0.0013    1.9570    1.3778   -0.0850    0.2759    0.3313    2.0086 
  -30.0000  -18.0000   -7.5000    0.1161    0.1094   -0.0009    2.3997    1.2787   -0.1543    0.2337    0.3286    2.1850 
  -30.0000  -14.0000   -7.5000    0.1259    0.1124   -0.0036    2.9075    1.1258   -0.2517    0.1678    0.2937    2.3459 
  -30.0000  -10.0000   -7.5000    0.1348    0.1139   -0.0065    3.4950    0.9028   -0.3758    0.0817    0.2136    2.4824 
  -30.0000   -6.0000   -7.5000    0.1420    0.1134   -0.0095    4.1836    0.5764   -0.5090   -0.0099    0.0777    2.5698 
  -30.0000   -2.0000   -7.5000    0.1462    0.1101   -0.0119    4.9833    0.0863   -0.6039   -0.0743   -0.1130    2.5390 
  -30.0000    2.0000   -7.5000    0.1455    0.1029   -0.0130    5.8246   -0.6429   -0.5800   -0.0571   -0.3256    2.2291 
  -30.0000    6.0000   -7.5000    0.1365    0.0902   -0.0125    6.3913   -1.5888   -0.3704    0.0985   -0.4547    1.3786 
  -30.0000   10.0000   -7.5000    0.1155    0.0725   -0.0106    5.9671   -2.3875   -0.0396    0.3489   -0.3156   -0.1129 
  -30.0000   14.0000   -7.5000    0.0818    0.0535   -0.0097    3.9820   -2.4781    0.2043    0.4190    0.0786   -1.5902 
  -30.0000   18.0000   -7.5000    0.0437    0.0386   -0.0133    1.2426   -2.0021    0.2443    0.1865    0.2297   -2.0696 
  -30.0000   22.0000   -7.5000    0.0121    0.0294   -0.0208   -0.8017   -1.5714    0.1060    0.0220   -0.0786   -1.6049 
  -30.0000   26.0000   -7.5000   -0.0075    0.0237   -0.0284   -1.6752   -1.3992   -0.0878    0.1120   -0.4432   -0.8672 
  -30.0000   30.0000   -7.5000   -0.0163    0.0192   -0.0326   -1.6923   -1.3941   -0.2005    0.2844   -0.5680   -0.3126 
  -30.0000   34.0000   -7.5000   -0.0181    0.0143   -0.0332   -1.3303   -1.3918   -0.2093    0.3762   -0.4852   -0.0646 
  -30.0000   38.0000   -7.5000   -0.0166    0.0092   -0.0312   -0.9220   -1.2986   -0.1648    0.3655   -0.3313   -0.0380 
  -30.0000   42.0000   -7.5000   -0.0140    0.0042   -0.0280   -0.6037   -1.1209   -0.1120    0.2993   -0.1930   -0.1045 
  -30.0000   46.0000   -7.5000   -0.0115   -0.0001   -0.0245   -0.3913   -0.9072   -0.0698    0.2212   -0.0957   -0.1819 
  -30.0000   50.0000   -7.5000   -0.0093   -0.0036   -0.0211   -0.2594   -0.6990   -0.0409    0.1528   -0.0356   -0.2378 
  -26.0000  -50.0000   -7.5000    0.0462    0.0698    0.0054    0.2125    1.3091    0.0203    0.2249    0.1170    0.7856 
  -26.0000  -46.0000   -7.5000    0.0528    0.0763    0.0054    0.3187    1.4303    0.0199    0.2532    0.1441    0.9408 
  -26.0000  -42.0000   -7.5000    0.0604    0.0832    0.0053    0.4608    1.5481    0.0168    0.2811    0.1752    1.1197 
  -26.0000  -38.0000   -7.5000    0.0690    0.0906    0.0050    0.6470    1.6567    0.0090    0.3063    0.2097    1.3217 
  -26.0000  -34.0000   -7.5000    0.0788    0.0981    0.0043    0.8857    1.7492   -0.0067    0.3254    0.2455    1.5442 
  -26.0000  -30.0000   -7.5000    0.0896    0.1058    0.0033    1.1845    1.8192   -0.0347    0.3337    0.2791    1.7829 
  -26.0000  -26.0000   -7.5000    0.1013    0.1134    0.0018    1.5498    1.8619   -0.0812    0.3254    0.3045    2.0328 
  -26.0000  -22.0000   -7.5000    0.1137    0.1207   -0.0002    1.9869    1.8755   -0.1541    0.2938    0.3132    2.2901 
  -26.0000  -18.0000   -7.5000    0.1266    0.1275   -0.0027    2.5034    1.8612   -0.2621    0.2324    0.2935    2.5549 
  -26.0000  -14.0000   -7.5000    0.1396    0.1336   -0.0057    3.1158    1.8210   -0.4102    0.1373    0.2307    2.8339 
  -26.0000  -10.0000   -7.5000    0.1522    0.1388   -0.0087    3.8583    1.7486   -0.5890    0.0118    0.1085    3.1389 
  -26.0000   -6.0000   -7.5000    0.1639    0.1427   -0.0113    4.7925    1.6080   -0.7520   -0.1269   -0.0879    3.4730 
  -26.0000   -2.0000   -7.5000    0.1737    0.1444   -0.0124    5.9996    1.2884   -0.7792   -0.2389   -0.3651    3.7895 
  -26.0000    2.0000   -7.5000    0.1796    0.1416   -0.0108    7.5108    0.5446   -0.4567   -0.2432   -0.6972    3.8861 
  -26.0000    6.0000   -7.5000    0.1768    0.1307   -0.0052    9.0423   -0.9363    0.4017    0.0234   -0.9178    3.2300 
  -26.0000   10.0000   -7.5000    0.1561    0.1081    0.0043    9.3859   -2.8750    1.4778    0.6761   -0.4613    1.1076 
  -26.0000   14.0000   -7.5000    0.1108    0.0782    0.0118    6.7171   -3.7705    1.8852    0.9036    0.9868   -1.7136 
  -26.0000   18.0000   -7.5000    0.0542    0.0523    0.0054    2.1588   -3.3459    1.6762    0.0814    1.5086   -2.8670 
  -26.0000   22.0000   -7.5000    0.0094    0.0352   -0.0127   -1.0681   -2.6058    0.9961   -0.3095    0.4502   -2.3242 
  -26.0000   26.0000   -7.5000   -0.0150    0.0251   -0.0292   -2.1933   -2.1010    0.1722    0.0294   -0.5381   -1.2818 
  -26.0000   30.0000   -7.5000   -0.0232    0.0180   -0.0374   -2.0180   -1.9284   -0.2630    0.4429   -0.7977   -0.5230 
  -26.0000   34.0000   -7.5000   -0.0227    0.0112   -0.0382   -1.4251   -1.8085   -0.3268    0.5901   -0.6197   -0.2421 
  -26.0000   38.0000   -7.5000   -0.0191    0.0045   -0.0350   -0.8979   -1.5704   -0.2462    0.5241   -0.3628   -0.2478 
  -26.0000   42.0000   -7.5000   -0.0152   -0.0015   -0.0304   -0.5517   -1.2490   -0.1541    0.3860   -0.1715   -0.3300 
  -26.0000   46.0000   -7.5000   -0.0121   -0.0062   -0.0258   -0.3499   -0.9265   -0.0878    0.2562   -0.0580   -0.3933 
  -26.0000   50.0000   -7.5000   -0.0097   -0.0097   -0.0217   -0.2366   -0.6509   -0.0469    0.1583    0.0014   -0.4187 
  -22.0000  -50.0000   -7.5000    0.0453    0.0732    0.0048    0.1176    1.4645    0.0192    0.2426    0.1083    0.7569 
  -22.0000  -46.0000   -7.5000    0.0522    0.0807    0.0048    0.2112    1.6249    0.0171    0.2745    0.1348    0.9255 
  -22.0000  -42.0000   -7.5000    0.0603    0.0889    0.0046    0.3431    1.7888    0.0108    0.3059    0.1654    1.1252 
  -22.0000  -38.0000   -7.5000    0.0697    0.0977    0.0041    0.5247    1.9502   -0.0028    0.3336    0.1988    1.3573 
  -22.0000  -34.0000   -7.5000    0.0805    0.1070    0.0033    0.7682    2.1021   -0.0283    0.3529    0.2323    1.6206 
  -22.0000  -30.0000   -7.5000    0.0928    0.1168    0.0020    1.0857    2.2387   -0.0723    0.3576    0.2610    1.9115 
  -22.0000  -26.0000   -7.5000    0.1064    0.1268    0.0002    1.4881    2.3583   -0.1440    0.3397    0.2773    2.2253 
  -22.0000  -22.0000   -7.5000    0.1212    0.1370   -0.0021    1.9849    2.4667   -0.2542    0.2903    0.2704    2.5597 
  -22.0000  -18.0000   -7.5000    0.1370    0.1472   -0.0049    2.5883    2.5802   -0.4127    0.2009    0.2265    2.9201 
  -22.0000  -14.0000   -7.5000    0.1535    0.1574   -0.0079    3.3221    2.7255   -0.6183    0.0667    0.1293    3.3256 
  -22.0000  -10.0000   -7.5000    0.1704    0.1677   -0.0105    4.2362    2.9296   -0.8355   -0.1088   -0.0372    3.8113 
  -22.0000   -6.0000   -7.5000    0.1875    0.1781   -0.0116    5.4194    3.1877   -0.9430   -0.3084   -0.2863    4.4150 
  -22.0000   -2.0000   -7.5000    0.2044    0.1879   -0.0094    6.9918    3.3807   -0.6486   -0.4965   -0.6237    5.1282 
  -22.0000    2.0000   -7.5000    0.2191    0.1947   -0.0012    9.0256    3.1042    0.5790   -0.5824   -1.0086    5.7633 
  -22.0000    6.0000   -7.5000    0.2261    0.1921    0.0166   11.2894    1.5097    3.1978   -0.2010   -1.0873    5.6809 
  -22.0000   10.0000   -7.5000    0.2111    0.1707    0.0481   12.7493   -1.8919    5.7348    1.3116    0.6746    3.7359 
  -22.0000   14.0000   -7.5000    0.1557    0.1295    0.0779   11.1293   -5.5446    5.0673    1.2216    5.3198   -0.0165 
  -22.0000   18.0000   -7.5000    0.0711    0.0784    0.0564    4.2142   -7.5484    5.7954   -1.5666    5.7088   -3.5990 
  -22.0000   22.0000   -7.5000    0.0047    0.0381    0.0047   -1.7008   -5.1132    4.0605   -1.3782    1.5571   -3.9411 
  -22.0000   26.0000   -7.5000   -0.0252    0.0189   -0.0307   -3.0149   -2.9827    0.9731   -0.1261   -0.8027   -2.3290 
  -22.0000   30.0000   -7.5000   -0.0310    0.0093   -0.0443   -2.3618   -2.3314   -0.3750    0.7458   -1.1238   -1.1182 
  -22.0000   34.0000   -7.5000   -0.0270    0.0013   -0.0442   -1.4540   -2.0406   -0.5226    0.9023   -0.7115   -0.7164 
  -22.0000   38.0000   -7.5000   -0.0211   -0.0059   -0.0387   -0.8441   -1.6267   -0.3547    0.6963   -0.3189   -0.6856 
  -22.0000   42.0000   -7.5000   -0.0161   -0.0117   -0.0323   -0.5130   -1.1625   -0.1981    0.4459   -0.0935   -0.7062 
  -22.0000   46.0000   -7.5000   -0.0126   -0.0158   -0.0265   -0.3412   -0.7606   -0.1012    0.2568    0.0126   -0.6911 
  -22.0000   50.0000   -7.5000   -0.0101   -0.0183   -0.0217   -0.2488   -0.4564   -0.0481    0.1345    0.0553   -0.6430 
  -18.0000  -50.0000   -7.5000    0.0436    0.0759    0.0040    0.0108    1.6091    0.0170    0.2565    0.0953    0.6991 
  -18.0000  -46.0000   -7.5000    0.0508    0.0843    0.0039    0.0853    1.8130    0.0124    0.2913    0.1200    0.8761 
  -18.0000  -42.0000   -7.5000    0.0593    0.0938    0.0035    0.1994    2.0299    0.0015    0.3248    0.1484    1.0928 
  -18.0000  -38.0000   -7.5000    0.0694    0.1041    0.0029    0.3680    2.2542   -0.0202    0.3527    0.1786    1.3532 
  -18.0000  -34.0000   -7.5000    0.0812    0.1154    0.0018    0.6093    2.4790   -0.0597    0.3689    0.2068    1.6585 
  -18.0000  -30.0000   -7.5000    0.0949    0.1275    0.0003    0.9429    2.6993   -0.1264    0.3649    0.2265    2.0067 
  -18.0000  -26.0000   -7.5000    0.1106    0.1403   -0.0018    1.3880    2.9171   -0.2326    0.3304    0.2280    2.3931 
  -18.0000  -22.0000   -7.5000    0.1280    0.1538   -0.0044    1.9622    3.1487   -0.3910    0.2546    0.1986    2.8146 
  -18.0000  -18.0000   -7.5000    0.1471    0.1679   -0.0073    2.6841    3.4328   -0.6064    0.1283    0.1236    3.2773 
  -18.0000  -14.0000   -7.5000    0.1676    0.1831   -0.0099    3.5830    3.8336   -0.8548   -0.0516   -0.0109    3.8063 
  -18.0000  -10.0000   -7.5000    0.1893    0.1997   -0.0109    4.7135    4.4286   -1.0318   -0.2771   -0.2142    4.4454 
  -18.0000   -6.0000   -7.5000    0.2123    0.2183   -0.0084    6.1570    5.2610   -0.8506   -0.5244   -0.4842    5.2308 
  -18.0000   -2.0000   -7.5000    0.2361    0.2387    0.0012    7.9667    6.2092    0.3189   -0.7356   -0.7769    6.1076 
  -18.0000    2.0000   -7.5000    0.2585    0.2580    0.0239    9.9895    6.7240    3.4733   -0.6390   -0.8033    6.7754 
  -18.0000    6.0000   -7.5000    0.2728    0.2690    0.0725   11.7516    5.7749    8.5100    0.9330    0.7752    6.7720 
  -18.0000   10.0000   -7.5000    0.2687    0.2650    0.1664   14.0057    3.6341    8.1989    4.6495    6.5451    7.0965 
  -18.0000   14.0000   -7.5000    0.2358    0.2488    0.2699   20.8404   -2.2731   -3.0194   -0.2340   15.3221    8.6813 
  -18.0000   18.0000   -7.5000    0.1173    0.1466    0.1915   16.2765  -27.4003   16.1675  -12.5737   20.0486   -4.2350 
  -18.0000   22.0000   -7.5000   -0.0129    0.0179    0.0178   -6.6146   -9.9279   15.0042   -2.1482    1.6252   -9.4285 
  -18.0000   26.0000   -7.5000   -0.0430   -0.0101   -0.0409   -5.0974   -2.5805    2.6229    0.2240   -1.7457   -4.5261 
  -18.0000   30.0000   -7.5000   -0.0406   -0.0156   -0.0549   -2.8477   -1.7164   -0.6994    1.3013   -1.3969   -2.2758 
  -18.0000   34.0000   -7.5000   -0.0311   -0.0202   -0.0504   -1.5143   -1.5538   -0.8068    1.2256   -0.5873   -1.5835 
  -18.0000   38.0000   -7.5000   -0.0230   -0.0248   -0.0414   -0.8754   -1.1294   -0.4608    0.7762   -0.1283   -1.3553 
  -18.0000   42.0000   -7.5000   -0.0173   -0.0279   -0.0329   -0.5735   -0.6663   -0.2236    0.4115    0.0553   -1.1870 
  -18.0000   46.0000   -7.5000   -0.0136   -0.0295   -0.0260   -0.4160   -0.3077   -0.1000    0.1885    0.1119   -1.0207 
  -18.0000   50.0000   -7.5000   -0.0111   -0.0299   -0.0208   -0.3228   -0.0665   -0.0401    0.0654    0.1186   -0.8650 
  -14.0000  -50.0000   -7.5000    0.0413    0.0776    0.0031   -0.1036    1.7322    0.0135    0.2650    0.0780    0.6084 
  -14.0000  -46.0000   -7.5000    0.0485    0.0869    0.0028   -0.0550    1.9821    0.0056    0.3011    0.0997    0.7868 
  -14.0000  -42.0000   -7.5000    0.0572    0.0975    0.0022    0.0319    2.2581   -0.0115    0.3345    0.1242    1.0138 
  -14.0000  -38.0000   -7.5000    0.0678    0.1095    0.0014    0.1768    2.5559   -0.0443    0.3595    0.1489    1.2982 
  -14.0000  -34.0000   -7.5000    0.0805    0.1228    0.0000    0.4057    2.8698   -0.1027    0.3674    0.1686    1.6462 
  -14.0000  -30.0000   -7.5000    0.0957    0.1374   -0.0019    0.7511    3.1956   -0.1996    0.3474    0.1748    2.0597 
  -14.0000  -26.0000   -7.5000    0.1135    0.1533   -0.0042    1.2485    3.5386   -0.3500    0.2870    0.1554    2.5344 
  -14.0000  -22.0000   -7.5000    0.1339    0.1706   -0.0070    1.9318    3.9264   -0.5634    0.1748    0.0965    3.0632 
  -14.0000  -18.0000   -7.5000    0.1568    0.1893   -0.0095    2.8316    4.4233   -0.8249    0.0044   -0.0147    3.6443 
  -14.0000  -14.0000   -7.5000    0.1820    0.2100   -0.0107    3.9797    5.1345   -1.0486   -0.2202   -0.1845    4.2904 
  -14.0000  -10.0000   -7.5000    0.2092    0.2336   -0.0083    5.4144    6.1782   -0.9791   -0.4772   -0.4066    5.0171 
  -14.0000   -6.0000   -7.5000    0.2381    0.2608    0.0014    7.1455    7.5840   -0.0146   -0.7035   -0.6355    5.7724 
  -14.0000   -2.0000   -7.5000    0.2671    0.2909    0.0253    8.9984    9.0577    2.9436   -0.6303   -0.6224    6.2823 
  -14.0000    2.0000   -7.5000    0.2919    0.3193    0.0785   10.4094    9.7882    8.6049    0.9424    0.7799    6.0750 
  -14.0000    6.0000   -7.5000    0.3073    0.3411    0.1921   11.3965    9.9384   11.7489    6.2809    5.9501    6.1899 
  -14.0000   10.0000   -7.5000    0.3238    0.3707    0.3852   14.4453   12.2972    0.1352    9.9977   11.6183   10.2434 
  -14.0000   14.0000   -7.5000    0.3574    0.4274    0.5880   20.9090   13.9134  -18.6345    2.3867   12.1014   16.1733 
  -14.0000   18.0000   -7.5000    0.4312    0.5250    0.7699   41.8501   34.7082  -67.3528   -6.4387   11.4611   37.9457 
  -14.0000   22.0000   -7.5000   -0.1334   -0.1382   -0.1068  -32.6772   17.6131   18.2363   13.7121  -17.5190  -13.2111 
  -14.0000   26.0000   -7.5000   -0.0819   -0.0874   -0.0740   -8.8690    4.1863    2.4802    1.8818   -3.6240   -5.6926 
  -14.0000   30.0000   -7.5000   -0.0549   -0.0666   -0.0671   -3.6318    1.4725   -1.3453    1.5927   -0.9870   -3.4233 
  -14.0000   34.0000   -7.5000   -0.0374   -0.0577   -0.0539   -1.8852    0.4007   -1.0033    1.1200   -0.0541   -2.5372 
  -14.0000   38.0000   -7.5000   -0.0267   -0.0535   -0.0411   -1.1724    0.2719   -0.4736    0.5506    0.2049   -1.9975 
  -14.0000   42.0000   -7.5000   -0.0202   -0.0503   -0.0313   -0.8136    0.3768   -0.1978    0.2003    0.2385   -1.5831 
  -14.0000   46.0000   -7.5000   -0.0160   -0.0471   -0.0241   -0.6022    0.4743   -0.0736    0.0230    0.2113   -1.2592 
  -14.0000   50.0000   -7.5000   -0.0132   -0.0439   -0.0188   -0.4646    0.5239   -0.0199   -0.0574    0.1737   -1.0084 
  -10.0000  -50.0000   -7.5000    0.0383    0.0780    0.0019   -0.2188    1.8203    0.0089    0.2664    0.0570    0.4832 
  -10.0000  -46.0000   -7.5000    0.0453    0.0881    0.0014   -0.2029    2.1160   -0.0032    0.3018    0.0746    0.6527 
  -10.0000  -42.0000   -7.5000    0.0540    0.0998    0.0007   -0.1535    2.4550   -0.0281    0.3322    0.0937    0.8795 
  -10.0000  -38.0000   -7.5000    0.0648    0.1132   -0.0005   -0.0468    2.8374   -0.0751    0.3495    0.1111    1.1796 
  -10.0000  -34.0000   -7.5000    0.0783    0.1285   -0.0021    0.1542    3.2610   -0.1574    0.3424    0.1199    1.5686 
  -10.0000  -30.0000   -7.5000    0.0948    0.1458   -0.0043    0.5014    3.7240   -0.2919    0.2967    0.1088    2.0577 
  -10.0000  -26.0000   -7.5000    0.1150    0.1652   -0.0069    1.0599    4.2335   -0.4926    0.1985    0.0631    2.6475 
  -10.0000  -22.0000   -7.5000    0.1389    0.1868   -0.0094    1.8972    4.8245   -0.7536    0.0394   -0.0313    3.3231 
  -10.0000  -18.0000   -7.5000    0.1665    0.2107   -0.0108    3.0661    5.5807   -1.0062   -0.1782   -0.1808    4.0570 
  -10.0000  -14.0000   -7.5000    0.1973    0.2377   -0.0089    4.5880    6.6327   -1.0276   -0.4344   -0.3764    4.8129 
  -10.0000  -10.0000   -7.5000    0.2307    0.2684   -0.0000    6.4279    8.0780   -0.2722   -0.6716   -0.5765    5.5089 
  -10.0000   -6.0000   -7.5000    0.2647    0.3027    0.0227    8.3864    9.7533    2.3212   -0.6527   -0.5844    5.8820 
  -10.0000   -2.0000   -7.5000    0.2953    0.3373    0.0739    9.8932   10.9564    7.7939    0.6969    0.5318    5.4219 
  -10.0000    2.0000   -7.5000    0.3172    0.3671    0.1849   10.6243   11.4850   12.6007    5.9560    5.0547    4.7190 
  -10.0000    6.0000   -7.5000    0.3394    0.4029    0.3882   12.3076   14.0485    4.8673   12.1624   10.6394    7.4174 
  -10.0000   10.0000   -7.5000    0.3827    0.4675    0.6351   13.9422   16.7071   -8.8428    9.1550    8.8259   11.3249 
  -10.0000   14.0000   -7.5000    0.4429    0.5496    0.8460   13.6764   17.0419  -14.2096    2.8497    4.1394   12.5643 
  -10.0000   18.0000   -7.5000   -0.3910   -0.4275   -0.3876    9.7808   21.2531  -16.3514    1.2292   -0.8365   13.3176 
  -10.0000   22.0000   -7.5000   -0.2530   -0.2954   -0.2017   -4.4951   23.3513   -7.6887    3.4219   -6.8899    6.7663 
  -10.0000   26.0000   -7.5000   -0.1376   -0.1934   -0.1006   -7.2528   12.7847   -0.6514    0.1956   -2.7760   -0.6862 
  -10.0000   30.0000   -7.5000   -0.0786   -0.1380   -0.0687   -4.3913    6.6886   -1.1607   -0.0215    0.0462   -2.5379 
  -10.0000   34.0000   -7.5000   -0.0500   -0.1074   -0.0501   -2.6415    3.7326   -0.7137    0.0405    0.5140   -2.4958 
  -10.0000   38.0000   -7.5000   -0.0350   -0.0891   -0.0367   -1.7110    2.4496   -0.3018   -0.1064    0.4609   -2.0436 
  -10.0000   42.0000   -7.5000   -0.0263   -0.0765   -0.0272   -1.1795    1.8396   -0.1029   -0.2018    0.3525   -1.6067 
  -10.0000   46.0000   -7.5000   -0.0208   -0.0670   -0.0206   -0.8530    1.4871   -0.0197   -0.2310    0.2632   -1.2596 
  -10.0000   50.0000   -7.5000   -0.0171   -0.0592   -0.0158   -0.6404    1.2457    0.0120   -0.2238    0.1977   -0.9956 
   -6.0000  -50.0000   -7.5000    0.0346    0.0770    0.0005   -0.3257    1.8584    0.0033    0.2594    0.0335    0.3248 
   -6.0000  -46.0000   -7.5000    0.0412    0.0876   -0.0002   -0.3476    2.1946   -0.0136    0.2917    0.0461    0.4721 
   -6.0000  -42.0000   -7.5000    0.0496    0.1000   -0.0011   -0.3462    2.5962   -0.0475    0.3155    0.0593    0.6830 
   -6.0000  -38.0000   -7.5000    0.0604    0.1146   -0.0026   -0.2951    3.0724   -0.1107    0.3199    0.0690    0.9830 
   -6.0000  -34.0000   -7.5000    0.0742    0.1318   -0.0045   -0.1464    3.6311   -0.2206    0.2895    0.0666    1.4035 
   -6.0000  -30.0000   -7.5000    0.0920    0.1519   -0.0070    0.1785    4.2786   -0.3956    0.2060    0.0376    1.9765 
   -6.0000  -26.0000   -7.5000    0.1146    0.1752   -0.0095    0.7942    5.0239   -0.6405    0.0555   -0.0366    2.7184 
   -6.0000  -22.0000   -7.5000    0.1426    0.2018   -0.0113    1.8323    5.8955   -0.9056   -0.1615   -0.1703    3.6050 
   -6.0000  -18.0000   -7.5000    0.1760    0.2319   -0.0102    3.3853    6.9671   -1.0005   -0.4222   -0.3578    4.5479 
   -6.0000  -14.0000   -7.5000    0.2140    0.2656   -0.0025    5.4218    8.3374   -0.4346   -0.6708   -0.5544    5.3822 
   -6.0000  -10.0000   -7.5000    0.2539    0.3025    0.0182    7.6846    9.9414    1.7869   -0.7167   -0.5923    5.8079 
   -6.0000   -6.0000   -7.5000    0.2910    0.3397    0.0651    9.5452   11.2046    6.8576    0.3281    0.2836    5.3140 
   -6.0000   -2.0000   -7.5000    0.3190    0.3720    0.1675   10.4412   11.6752   12.4667    4.9865    4.2193    4.1646 
   -6.0000    2.0000   -7.5000    0.3435    0.4065    0.3629   11.8231   13.7449    7.2092   11.9938   10.1276    5.8254 
   -6.0000    6.0000   -7.5000    0.3857    0.4670    0.6180   13.2509   16.4883   -6.1602   10.7541    8.9357    9.3877 
   -6.0000   10.0000   -7.5000    0.4406    0.5441    0.8451   12.3415   15.7817  -10.2989    4.5683    3.4018    9.6000 
   -6.0000   14.0000   -7.5000   -0.4241   -0.4576   -0.3948   10.6672   14.3199   -7.8608    0.7280   -0.5546    8.5323 
   -6.0000   18.0000   -7.5000   -0.3587   -0.3913   -0.2578    7.9283   14.0825   -4.3245   -0.7002   -3.1728    8.0201 
   -6.0000   22.0000   -7.5000   -0.2717   -0.3242   -0.1499    2.5918   14.0677   -0.6577   -1.8347   -4.4458    6.8771 
   -6.0000   26.0000   -7.5000   -0.1780   -0.2572   -0.0846   -2.3746   12.5785    0.7919   -3.0799   -2.5281    3.7734 
   -6.0000   30.0000   -7.5000   -0.1093   -0.1979   -0.0554   -3.5420    9.5718    0.1458   -2.3789   -0.2937    0.5500 
   -6.0000   34.0000   -7.5000   -0.0703   -0.1540   -0.0394   -2.8381    6.5366   -0.0591   -1.4195    0.3526   -0.8952 
   -6.0000   38.0000   -7.5000   -0.0488   -0.1237   -0.0287   -2.0237    4.5135   -0.0129   -0.9267    0.3844   -1.2010 
   -6.0000   42.0000   -7.5000   -0.0362   -0.1023   -0.0212   -1.4385    3.2794    0.0320   -0.6722    0.3073   -1.1239 
   -6.0000   46.0000   -7.5000   -0.0281   -0.0865   -0.0159   -1.0467    2.4964    0.0489   -0.5145    0.2328   -0.9588 
   -6.0000   50.0000   -7.5000   -0.0227   -0.0744   -0.0121   -0.7829    1.9673    0.0497   -0.4032    0.1758   -0.7950 
   -2.0000  -50.0000   -7.5000    0.0304    0.0744   -0.0010   -0.4131    1.8311   -0.0027    0.2434    0.0092    0.1392 
   -2.0000  -46.0000   -7.5000    0.0364    0.0850   -0.0019   -0.4741    2.1952   -0.0243    0.2700    0.0168    0.2491 
   -2.0000  -42.0000   -7.5000    0.0442    0.0977   -0.0031   -0.5281    2.6500   -0.0673    0.2838    0.0247    0.4223 
   -2.0000  -38.0000   -7.5000    0.0545    0.1132   -0.0048   -0.5506    3.2210   -0.1468    0.2706    0.0289    0.6950 
   -2.0000  -34.0000   -7.5000    0.0682    0.1319   -0.0070   -0.4886    3.9395   -0.2831    0.2092    0.0200    1.1204 
   -2.0000  -30.0000   -7.5000    0.0868    0.1547   -0.0095   -0.2359    4.8365   -0.4910    0.0757   -0.0200    1.7671 
   -2.0000  -26.0000   -7.5000    0.1117    0.1823   -0.0116    0.3925    5.9297   -0.7452   -0.1443   -0.1170    2.6937 
   -2.0000  -22.0000   -7.5000    0.1444    0.2149   -0.0116    1.6440    7.2107   -0.8951   -0.4334   -0.2915    3.8753 
   -2.0000  -18.0000   -7.5000    0.1851    0.2522   -0.0058    3.6867    8.6546   -0.5053   -0.7204   -0.5176    5.0959 
   -2.0000  -14.0000   -7.5000    0.2314    0.2928    0.0121    6.3330   10.1786    1.3554   -0.8236   -0.6286    5.8938 
   -2.0000  -10.0000   -7.5000    0.2773    0.3332    0.0544    8.8203   11.3627    5.9641   -0.0314    0.0357    5.6301 
   -2.0000   -6.0000   -7.5000    0.3143    0.3676    0.1475   10.2356   11.6862   12.0027    3.9530    3.4519    4.3054 
   -2.0000   -2.0000   -7.5000    0.3436    0.4002    0.3307   11.6121   13.1758    8.9437   11.2141    9.6347    5.1170 
   -2.0000    2.0000   -7.5000    0.3863    0.4555    0.5851   13.2268   16.0117   -4.5163   11.4124    9.6586    8.5888 
   -2.0000    6.0000   -7.5000    0.4411    0.5295    0.8211   12.3891   15.4137   -9.9807    5.2288    4.0725    8.9354 
   -2.0000   10.0000   -7.5000   -0.4290   -0.4757   -0.4127   10.7441   13.2489   -7.6409    0.7207   -0.2510    7.3295 
   -2.0000   14.0000   -7.5000   -0.3831   -0.4191   -0.2786    9.4762   11.6895   -3.9256   -1.3636   -2.6739    6.2243 
   -2.0000   18.0000   -7.5000   -0.3317   -0.3709   -0.1778    7.8568   10.8914   -0.9703   -2.3704   -4.0349    6.0333 
   -2.0000   22.0000   -7.5000   -0.2675   -0.3255   -0.1056    4.8855   10.6273    0.8603   -3.2733   -4.2337    6.0547 
   -2.0000   26.0000   -7.5000   -0.1960   -0.2777   -0.0617    1.1025   10.4918    1.2374   -3.7815   -2.8687    4.9874 
   -2.0000   30.0000   -7.5000   -0.1343   -0.2283   -0.0393   -1.3393    9.4304    0.7610   -3.1903   -1.1582    2.7959 
   -2.0000   34.0000   -7.5000   -0.0918   -0.1843   -0.0272   -1.9518    7.5048    0.3844   -2.2211   -0.2518    0.9865 
   -2.0000   38.0000   -7.5000   -0.0651   -0.1495   -0.0196   -1.7503    5.6608    0.2224   -1.4979    0.0541    0.0523 
   -2.0000   42.0000   -7.5000   -0.0483   -0.1232   -0.0144   -1.3911    4.2622    0.1516   -1.0417    0.1270   -0.3235 
   -2.0000   46.0000   -7.5000   -0.0373   -0.1031   -0.0107   -1.0739    3.2651    0.1118   -0.7518    0.1285   -0.4385 
   -2.0000   50.0000   -7.5000   -0.0297   -0.0876   -0.0080   -0.8298    2.5538    0.0847   -0.5591    0.1117   -0.4453 
    2.0000  -50.0000   -7.5000    0.0260    0.0700   -0.0027   -0.4695    1.7257   -0.0083    0.2186   -0.0140   -0.0607 
    2.0000  -46.0000   -7.5000    0.0311    0.0802   -0.0038   -0.5648    2.0955   -0.0339    0.2374   -0.0106   -0.0034 
    2.0000  -42.0000   -7.5000    0.0380    0.0926   -0.0052   -0.6733    2.5790   -0.0842    0.2393   -0.0057    0.1069 
    2.0000  -38.0000   -7.5000    0.0473    0.1081   -0.0071   -0.7806    3.2259   -0.1762    0.2065   -0.0017    0.3120 
    2.0000  -34.0000   -7.5000    0.0602    0.1277   -0.0094   -0.8427    4.1089   -0.3295    0.1120   -0.0055    0.6854 
    2.0000  -30.0000   -7.5000    0.0786    0.1527   -0.0116   -0.7450    5.3185   -0.5436   -0.0773   -0.0359    1.3451 
    2.0000  -26.0000   -7.5000    0.1051    0.1846   -0.0126   -0.2342    6.9142   -0.7236   -0.3834   -0.1313    2.4340 
    2.0000  -22.0000   -7.5000    0.1424    0.2242   -0.0094    1.1169    8.8052   -0.5108   -0.7674   -0.3406    3.9745 
    2.0000  -18.0000   -7.5000    0.1915    0.2700    0.0044    3.6464   10.6429    0.9665   -1.0163   -0.5950    5.5301 
    2.0000  -14.0000   -7.5000    0.2471    0.3167    0.0408    6.8602   11.8630    5.0563   -0.4407   -0.2688    6.0617 
    2.0000  -10.0000   -7.5000    0.2975    0.3562    0.1248    9.3421   11.9998   11.2689    2.9842    2.5948    4.9880 
    2.0000   -6.0000   -7.5000    0.3372    0.3894    0.2957   11.2461   12.8465   10.3190   10.2606    8.9185    5.0860 
    2.0000   -2.0000   -7.5000    0.3841    0.4403    0.5474   13.2908   15.6586   -2.7872   11.8868   10.3820    8.3220 
    2.0000    2.0000   -7.5000    0.4419    0.5122    0.7913   12.7123   15.4322   -9.8615    5.8578    5.1142    8.9849 
    2.0000    6.0000   -7.5000   -0.4273   -0.4929   -0.4354   10.8502   13.1347   -8.1698    0.8165    0.5090    7.2557 
    2.0000   10.0000   -7.5000   -0.3861   -0.4371   -0.2982    9.5114   11.2317   -4.5294   -1.6535   -2.0064    5.7610 
    2.0000   14.0000   -7.5000   -0.3480   -0.3917   -0.1978    8.5980   10.0342   -1.6692   -2.7110   -3.2910    5.1572 
    2.0000   18.0000   -7.5000   -0.3055   -0.3527   -0.1248    7.3960    9.3323    0.1007   -3.2188   -3.8210    5.2278 
    2.0000   22.0000   -7.5000   -0.2549   -0.3157   -0.0744    5.3365    9.0398    0.9549   -3.5460   -3.6014    5.3985 
    2.0000   26.0000   -7.5000   -0.1995   -0.2771   -0.0432    2.6578    8.9184    1.0788   -3.5630   -2.6616    4.9124 
    2.0000   30.0000   -7.5000   -0.1484   -0.2366   -0.0259    0.4254    8.3854    0.8178   -3.0878   -1.5230    3.6118 
    2.0000   34.0000   -7.5000   -0.1084   -0.1978   -0.0167   -0.7361    7.2519    0.5303   -2.3671   -0.7118    2.1694 
    2.0000   38.0000   -7.5000   -0.0799   -0.1643   -0.0113   -1.0856    5.8998    0.3384   -1.7164   -0.2847    1.1118 
    2.0000   42.0000   -7.5000   -0.0604   -0.1369   -0.0079   -1.0611    4.6739    0.2244   -1.2344   -0.0908    0.4813 
    2.0000   46.0000   -7.5000   -0.0469   -0.1151   -0.0056   -0.9180    3.6871    0.1551   -0.8988   -0.0087    0.1419 
    2.0000   50.0000   -7.5000   -0.0373   -0.0978   -0.0040   -0.7601    2.9275    0.1106   -0.6663    0.0238   -0.0300 
    6.0000  -50.0000   -7.5000    0.0215    0.0639   -0.0044   -0.4859    1.5368   -0.0129    0.1862   -0.0339   -0.2554 
    6.0000  -46.0000   -7.5000    0.0257    0.0731   -0.0057   -0.6030    1.8803   -0.0407    0.1961   -0.0333   -0.2602 
    6.0000  -42.0000   -7.5000    0.0314    0.0845   -0.0073   -0.7525    2.3493   -0.0944    0.1865   -0.0286   -0.2347 
    6.0000  -38.0000   -7.5000    0.0392    0.0991   -0.0093   -0.9365    3.0176   -0.1907    0.1381   -0.0177   -0.1428 
    6.0000  -34.0000   -7.5000    0.0505    0.1181   -0.0115   -1.1393    4.0118   -0.3427    0.0209    0.0003    0.0902 
    6.0000  -30.0000   -7.5000    0.0674    0.1438   -0.0130   -1.2856    5.5238   -0.5172   -0.2067    0.0165    0.6125 
    6.0000  -26.0000   -7.5000    0.0933    0.1789   -0.0120   -1.1327    7.7402   -0.4934   -0.5893   -0.0135    1.6732 
    6.0000  -22.0000   -7.5000    0.1333    0.2254   -0.0036   -0.0899   10.4933    0.4603   -1.0744   -0.1934    3.4649 
    6.0000  -18.0000   -7.5000    0.1902    0.2803    0.0233    2.5754   12.6976    3.8162   -1.0013   -0.3411    5.3733 
    6.0000  -14.0000   -7.5000    0.2555    0.3315    0.0948    6.2858   13.0642    9.9039    1.8673    1.4604    5.7220 
    6.0000  -10.0000   -7.5000    0.3144    0.3720    0.2532    9.7755   13.2073   10.9203    9.2060    7.5328    5.7649 
    6.0000   -6.0000   -7.5000    0.3740    0.4225    0.5031   13.0379   15.6572   -1.1377   12.3741   10.6579    8.6487 
    6.0000   -2.0000   -7.5000    0.4399    0.4939    0.7577   13.2132   15.7788   -9.6235    6.6832    6.1755    9.5065 
    6.0000    2.0000   -7.5000   -0.4246   -0.5097   -0.4587   11.2554   13.4804   -8.6380    1.0781    1.3948    7.6346 
    6.0000    6.0000   -7.5000   -0.3834   -0.4522   -0.3159    9.5739   11.4063   -5.0551   -1.7837   -1.3278    5.8470 
    6.0000   10.0000   -7.5000   -0.3502   -0.4058   -0.2131    8.5480   10.0187   -2.1480   -2.9670   -2.6955    4.9286 
    6.0000   14.0000   -7.5000   -0.3179   -0.3669   -0.1391    7.7528    9.0752   -0.3630   -3.3726   -3.2989    4.6973 
    6.0000   18.0000   -7.5000   -0.2817   -0.3325   -0.0866    6.7049    8.4305    0.5659   -3.4619   -3.3856    4.8220 
    6.0000   22.0000   -7.5000   -0.2404   -0.2999   -0.0509    5.1343    8.0434    0.9243   -3.4068   -3.0332    4.9121 
    6.0000   26.0000   -7.5000   -0.1963   -0.2667   -0.0284    3.2042    7.7710    0.9210   -3.1848   -2.3477    4.5863 
    6.0000   30.0000   -7.5000   -0.1543   -0.2328   -0.0154    1.4398    7.3305    0.7411   -2.7593   -1.5700    3.7586 
    6.0000   34.0000   -7.5000   -0.1188   -0.1997   -0.0084    0.2452    6.5744    0.5335   -2.2196   -0.9346    2.7169 
    6.0000   38.0000   -7.5000   -0.0912   -0.1696   -0.0046   -0.3700    5.6171    0.3679   -1.7007   -0.5163    1.7886 
    6.0000   42.0000   -7.5000   -0.0707   -0.1437   -0.0024   -0.6034    4.6503    0.2529   -1.2758   -0.2727    1.1065 
    6.0000   46.0000   -7.5000   -0.0557   -0.1221   -0.0012   -0.6413    3.7931    0.1763   -0.9544   -0.1388    0.6542 
    6.0000   50.0000   -7.5000   -0.0447   -0.1044   -0.0004   -0.5963    3.0826    0.1251   -0.7187   -0.0667    0.3695 
   10.0000  -50.0000   -7.5000    0.0174    0.0564   -0.0061   -0.4602    1.2714   -0.0158    0.1482   -0.0488   -0.4211 
   10.0000  -46.0000   -7.5000    0.0206    0.0641   -0.0076   -0.5806    1.5521   -0.0435    0.1493   -0.0495   -0.4860 
   10.0000  -42.0000   -7.5000    0.0250    0.0737   -0.0093   -0.7443    1.9482   -0.0957    0.1308   -0.0428   -0.5510 
   10.0000  -38.0000   -7.5000    0.0312    0.0861   -0.0114   -0.9685    2.5440   -0.1856    0.0764   -0.0209   -0.5999 
   10.0000  -34.0000   -7.5000    0.0401    0.1027   -0.0132   -1.2726    3.5007   -0.3149   -0.0367    0.0296   -0.5909 
   10.0000  -30.0000   -7.5000    0.0538    0.1261   -0.0137   -1.6628    5.1048   -0.4082   -0.2401    0.1262   -0.4199 
   10.0000  -26.0000   -7.5000    0.0758    0.1605   -0.0098   -2.0607    7.7411   -0.0929   -0.5776    0.2667    0.1582 
   10.0000  -22.0000   -7.5000    0.1130    0.2099    0.0058   -2.0295   11.3778    1.8161   -0.9391    0.3704    1.5682 
   10.0000  -18.0000   -7.5000    0.1730    0.2714    0.0546   -0.2498   14.1993    6.8895    0.4475    0.8316    3.7685 
   10.0000  -14.0000   -7.5000    0.2525    0.3310    0.1886    4.6363   15.0766    9.4773    7.5755    4.6766    6.0449 
   10.0000  -10.0000   -7.5000    0.3405    0.3947    0.4366   10.9674   17.0303   -1.0304   12.9932    9.1285    9.7387 
   10.0000   -6.0000   -7.5000    0.4282    0.4735    0.7110   13.4193   16.8778  -10.1276    8.0755    6.5595   10.9702 
   10.0000   -2.0000   -7.5000   -0.4237   -0.5255   -0.4858   12.0180   14.2255   -9.2825    1.6905    2.2656    8.6953 
   10.0000    2.0000   -7.5000   -0.3785   -0.4650   -0.3319   10.0357   11.9246   -5.4778   -1.8173   -0.5650    6.3732 
   10.0000    6.0000   -7.5000   -0.3470   -0.4163   -0.2245    8.6439   10.3877   -2.4251   -3.2332   -2.1380    5.1120 
   10.0000   10.0000   -7.5000   -0.3199   -0.3757   -0.1488    7.7509    9.2703   -0.5857   -3.6237   -2.8931    4.6320 
   10.0000   14.0000   -7.5000   -0.2920   -0.3408   -0.0954    6.9847    8.3901    0.3675   -3.5816   -3.1205    4.5533 
   10.0000   18.0000   -7.5000   -0.2608   -0.3095   -0.0580    6.0391    7.7110    0.7777   -3.3812   -2.9926    4.6104 
   10.0000   22.0000   -7.5000   -0.2262   -0.2801   -0.0327    4.7885    7.2185    0.8741   -3.1184   -2.6111    4.5795 
   10.0000   26.0000   -7.5000   -0.1900   -0.2512   -0.0167    3.3411    6.8278    0.7985   -2.7961   -2.0732    4.2821 
   10.0000   30.0000   -7.5000   -0.1551   -0.2223   -0.0072    1.9689    6.3919    0.6478   -2.4065   -1.5022    3.6825 
   10.0000   34.0000   -7.5000   -0.1242   -0.1942   -0.0020    0.9083    5.8136    0.4881   -1.9809   -1.0086    2.9125 
   10.0000   38.0000   -7.5000   -0.0987   -0.1680    0.0007    0.2254    5.1117    0.3535   -1.5732   -0.6423    2.1536 
   10.0000   42.0000   -7.5000   -0.0785   -0.1447    0.0019   -0.1491    4.3719    0.2522   -1.2224   -0.3965    1.5204 
   10.0000   46.0000   -7.5000   -0.0630   -0.1246    0.0025   -0.3218    3.6733    0.1800   -0.9412   -0.2409    1.0430 
   10.0000   50.0000   -7.5000   -0.0512   -0.1075    0.0027   -0.3801    3.0588    0.1296   -0.7243   -0.1451    0.7033 
   14.0000  -50.0000   -7.5000    0.0139    0.0479   -0.0077   -0.3995    0.9515   -0.0170    0.1072   -0.0575   -0.5349 
   14.0000  -46.0000   -7.5000    0.0163    0.0537   -0.0094   -0.5048    1.1386   -0.0425    0.1002   -0.0584   -0.6434 
   14.0000  -42.0000   -7.5000    0.0195    0.0608   -0.0113   -0.6516    1.4064   -0.0886    0.0757   -0.0494   -0.7787 
   14.0000  -38.0000   -7.5000    0.0240    0.0699   -0.0133   -0.8616    1.8240   -0.1635    0.0250   -0.0193   -0.9487 
   14.0000  -34.0000   -7.5000    0.0304    0.0822   -0.0148   -1.1696    2.5309   -0.2573   -0.0560    0.0537   -1.1634 
   14.0000  -30.0000   -7.5000    0.0401    0.0997   -0.0143   -1.6330    3.7915   -0.2683   -0.1503    0.2088   -1.4296 
   14.0000  -26.0000   -7.5000    0.0555    0.1263   -0.0077   -2.3428    6.0118    0.2321   -0.1766    0.5081   -1.7112 
   14.0000  -22.0000   -7.5000    0.0825    0.1666    0.0155   -3.3657    9.4316    2.4560    0.3690    1.0002   -1.7048 
   14.0000  -18.0000   -7.5000    0.1359    0.2233    0.0900   -3.9288   13.8157    6.1410    4.6936    1.4748    0.1221 
   14.0000  -14.0000   -7.5000    0.2413    0.3092    0.2968    0.8364   21.6814   -2.7142   13.8913    1.6201    7.3936 
   14.0000  -10.0000   -7.5000    0.3821    0.4323    0.6128   10.8369   22.8091  -16.1560   11.2311    2.7032   13.8674 
   14.0000   -6.0000   -7.5000    0.4878    0.5342    0.8803   13.0485   16.5577  -12.9649    3.4881    2.0692   11.7846 
   14.0000   -2.0000   -7.5000   -0.3728   -0.4712   -0.3517   11.2213   12.6205   -6.5322   -1.4281    0.2848    8.0971 
   14.0000    2.0000   -7.5000   -0.3397   -0.4204   -0.2327    9.2495   10.7970   -2.5631   -3.5469   -1.4195    5.9284 
   14.0000    6.0000   -7.5000   -0.3163   -0.3784   -0.1540    7.9455    9.5874   -0.5839   -4.0269   -2.4845    5.0435 
   14.0000   10.0000   -7.5000   -0.2939   -0.3425   -0.1002    7.0969    8.5379    0.3465   -3.8548   -2.9119    4.7256 
   14.0000   14.0000   -7.5000   -0.2695   -0.3112   -0.0627    6.3527    7.6428    0.7361   -3.5001   -2.9187    4.6056 
   14.0000   18.0000   -7.5000   -0.2422   -0.2833   -0.0366    5.4962    6.9305    0.8423   -3.1255   -2.6788    4.5203 
   14.0000   22.0000   -7.5000   -0.2127   -0.2573   -0.0190    4.4645    6.3878    0.8020   -2.7683   -2.2973    4.3580 
   14.0000   26.0000   -7.5000   -0.1822   -0.2323   -0.0076    3.3285    5.9519    0.6918   -2.4205   -1.8487    4.0369 
   14.0000   30.0000   -7.5000   -0.1527   -0.2078   -0.0008    2.2380    5.5329    0.5581   -2.0711   -1.4004    3.5421 
   14.0000   34.0000   -7.5000   -0.1259   -0.1842    0.0029    1.3315    5.0631    0.4295   -1.7259   -1.0066    2.9362 
   14.0000   38.0000   -7.5000   -0.1028   -0.1618    0.0046    0.6706    4.5306    0.3207   -1.4031   -0.6955    2.3165 
   14.0000   42.0000   -7.5000   -0.0838   -0.1415    0.0053    0.2401    3.9671    0.2358   -1.1201   -0.4682    1.7607 
   14.0000   46.0000   -7.5000   -0.0685   -0.1234    0.0054   -0.0143    3.4157    0.1725   -0.8848   -0.3108    1.3053 
   14.0000   50.0000   -7.5000   -0.0564   -0.1077    0.0051   -0.1501    2.9089    0.1265   -0.6961   -0.2050    0.9532 
   18.0000  -50.0000   -7.5000    0.0111    0.0391   -0.0093   -0.3199    0.6124   -0.0168    0.0662   -0.0595   -0.5830 
   18.0000  -46.0000   -7.5000    0.0129    0.0428   -0.0111   -0.3992    0.6924   -0.0387    0.0517   -0.0596   -0.7073 
   18.0000  -42.0000   -7.5000    0.0153    0.0471   -0.0131   -0.5090    0.8043   -0.0763    0.0225   -0.0494   -0.8698 
   18.0000  -38.0000   -7.5000    0.0186    0.0524   -0.0152   -0.6652    0.9825   -0.1334   -0.0230   -0.0185   -1.0908 
   18.0000  -34.0000   -7.5000    0.0231    0.0592   -0.0167   -0.8927    1.2974   -0.1943   -0.0704    0.0507   -1.4089 
   18.0000  -30.0000   -7.5000    0.0295    0.0686   -0.0160   -1.2343    1.8708   -0.1640   -0.0536    0.1810   -1.8963 
   18.0000  -26.0000   -7.5000    0.0390    0.0820   -0.0091   -1.7848    2.8466    0.2993    0.2534    0.3780   -2.6590 
   18.0000  -22.0000   -7.5000    0.0547    0.1012    0.0139   -2.8952    4.2915    2.0377    1.6620    0.4231   -3.6771 
   18.0000  -18.0000   -7.5000    0.0878    0.1296    0.0804   -6.4984    7.4384    5.4075    6.8659   -1.7123   -4.2860 
   18.0000  -14.0000   -7.5000    0.1768    0.2065    0.2635  -20.2010   25.6775    2.5853   20.5390  -15.3014   -2.9344 
   18.0000  -10.0000   -7.5000    0.4361    0.4872    0.7427   15.5084   42.7541  -47.9074   10.9340   -7.4448   25.9789 
   18.0000   -6.0000   -7.5000   -0.3634   -0.4530   -0.3874   16.6649   14.0687  -15.9216   -0.5827    1.2687   14.2122 
   18.0000   -2.0000   -7.5000   -0.3244   -0.4024   -0.2406   11.5236    9.9154   -3.7741   -3.5653   -0.2946    8.5689 
   18.0000    2.0000   -7.5000   -0.3055   -0.3657   -0.1542    8.8537    9.0812   -0.3159   -4.5935   -1.9395    6.3360 
   18.0000    6.0000   -7.5000   -0.2891   -0.3326   -0.1005    7.4980    8.2868    0.5762   -4.3037   -2.7530    5.4824 
   18.0000   10.0000   -7.5000   -0.2704   -0.3031   -0.0642    6.6545    7.3905    0.8313   -3.7280   -2.9127    5.0415 
   18.0000   14.0000   -7.5000   -0.2489   -0.2772   -0.0388    5.9112    6.5955    0.8716   -3.1983   -2.7442    4.7345 
   18.0000   18.0000   -7.5000   -0.2249   -0.2538   -0.0210    5.1080    5.9612    0.8139   -2.7574   -2.4284    4.4694 
   18.0000   22.0000   -7.5000   -0.1994   -0.2320   -0.0089    4.2137    5.4706    0.7109   -2.3862   -2.0513    4.1816 
   18.0000   26.0000   -7.5000   -0.1734   -0.2112   -0.0010    3.2745    5.0742    0.5920   -2.0592   -1.6606    3.8219 
   18.0000   30.0000   -7.5000   -0.1482   -0.1909    0.0038    2.3756    4.7124    0.4747   -1.7585   -1.2907    3.3761 
   18.0000   34.0000   -7.5000   -0.1249   -0.1713    0.0063    1.5988    4.3386    0.3697   -1.4786   -0.9672    2.8704 
   18.0000   38.0000   -7.5000   -0.1043   -0.1526    0.0075    0.9892    3.9347    0.2818   -1.2228   -0.7036    2.3542 
   18.0000   42.0000   -7.5000   -0.0868   -0.1352    0.0077    0.5495    3.5093    0.2121   -0.9971   -0.5011    1.8746 
   18.0000   46.0000   -7.5000   -0.0722   -0.1195    0.0075    0.2542    3.0840    0.1587   -0.8051   -0.3521    1.4605 
   18.0000   50.0000   -7.5000   -0.0602   -0.1054    0.0070    0.0677    2.6800    0.1187   -0.6465   -0.2458    1.1215 
   22.0000  -50.0000   -7.5000    0.0092    0.0304   -0.0107   -0.2411    0.2933   -0.0159    0.0282   -0.0550   -0.5657 
   22.0000  -46.0000   -7.5000    0.0106    0.0322   -0.0126   -0.2951    0.2760   -0.0338    0.0070   -0.0533   -0.6770 
   22.0000  -42.0000   -7.5000    0.0126    0.0340   -0.0148   -0.3687    0.2459   -0.0631   -0.0273   -0.0420   -0.8196 
   22.0000  -38.0000   -7.5000    0.0152    0.0357   -0.0171   -0.4709    0.2056   -0.1050   -0.0738   -0.0141   -1.0096 
   22.0000  -34.0000   -7.5000    0.0187    0.0375   -0.0189   -0.6155    0.1627   -0.1460   -0.1153    0.0370   -1.2771 
   22.0000  -30.0000   -7.5000    0.0234    0.0393   -0.0192   -0.8265    0.1208   -0.1206   -0.0899    0.1035   -1.6738 
   22.0000  -26.0000   -7.5000    0.0297    0.0409   -0.0153   -1.1789    0.0414    0.1814    0.1728    0.1080   -2.2698 
   22.0000  -22.0000   -7.5000    0.0381    0.0418   -0.0024   -2.0123   -0.1994    1.3094    1.0505   -0.2810   -3.1404 
   22.0000  -18.0000   -7.5000    0.0481    0.0399    0.0253   -4.6463   -0.8616    4.7864    2.9738   -1.9960   -4.7995 
   22.0000  -14.0000   -7.5000    0.0445    0.0249    0.0562  -11.6271   -6.1430   17.8107    4.8220   -5.0164  -10.9312 
   22.0000  -10.0000   -7.5000   -0.1001   -0.1376   -0.0908   20.9589  -51.6770   34.2281  -19.7983   22.2486  -11.5242 
   22.0000   -6.0000   -7.5000   -0.2489   -0.2928   -0.2100   22.9458   -3.4891   -9.1507   -7.3416    6.1164   11.1384 
   22.0000   -2.0000   -7.5000   -0.2703   -0.3033   -0.1462   12.4363    3.5221   -0.8031   -4.6015   -0.9464    8.3805 
   22.0000    2.0000   -7.5000   -0.2711   -0.2933   -0.0956    8.9809    5.5539    1.0860   -4.5455   -2.7588    6.8344 
   22.0000    6.0000   -7.5000   -0.2620   -0.2759   -0.0625    7.4672    5.8794    1.1071   -3.8775   -3.0819    5.9067 
   22.0000   10.0000   -7.5000   -0.2470   -0.2571   -0.0393    6.4998    5.5791    0.9766   -3.2181   -2.9065    5.2462 
   22.0000   14.0000   -7.5000   -0.2285   -0.2390   -0.0224    5.6743    5.1639    0.8501   -2.7061   -2.5768    4.7481 
   22.0000   18.0000   -7.5000   -0.2078   -0.2218   -0.0103    4.8635    4.7816    0.7269   -2.3091   -2.2077    4.3438 
   22.0000   22.0000   -7.5000   -0.1858   -0.2051   -0.0020    4.0377    4.4579    0.6079   -1.9871   -1.8401    3.9734 
   22.0000   26.0000   -7.5000   -0.1636   -0.1887    0.0035    3.2168    4.1783    0.4971   -1.7125   -1.4931    3.5925 
   22.0000   30.0000   -7.5000   -0.1420   -0.1726    0.0069    2.4449    3.9149    0.3981   -1.4683   -1.1795    3.1815 
   22.0000   34.0000   -7.5000   -0.1218   -0.1567    0.0086    1.7671    3.6428    0.3130   -1.2469   -0.9083    2.7464 
   22.0000   38.0000   -7.5000   -0.1037   -0.1414    0.0093    1.2120    3.3499    0.2425   -1.0467   -0.6843    2.3099 
   22.0000   42.0000   -7.5000   -0.0877   -0.1270    0.0093    0.7853    3.0385    0.1861   -0.8690   -0.5069    1.8983 
   22.0000   46.0000   -7.5000   -0.0741   -0.1136    0.0089    0.4750    2.7199    0.1420   -0.7153   -0.3710    1.5315 
   22.0000   50.0000   -7.5000   -0.0627   -0.1013    0.0083    0.2595    2.4080    0.1082   -0.5853   -0.2697    1.2190 
   26.0000  -50.0000   -7.5000    0.0079    0.0225   -0.0118   -0.1797    0.0272   -0.0148   -0.0042   -0.0450   -0.4972 
   26.0000  -46.0000   -7.5000    0.0093    0.0227   -0.0139   -0.2182   -0.0597   -0.0291   -0.0304   -0.0403   -0.5758 
   26.0000  -42.0000   -7.5000    0.0111    0.0225   -0.0162   -0.2721   -0.1852   -0.0518   -0.0696   -0.0265   -0.6685 
   26.0000  -38.0000   -7.5000    0.0134    0.0216   -0.0187   -0.3499   -0.3615   -0.0835   -0.1220    0.0009   -0.7800 
   26.0000  -34.0000   -7.5000    0.0166    0.0198   -0.0211   -0.4655   -0.6046   -0.1170   -0.1799    0.0436   -0.9192 
   26.0000  -30.0000   -7.5000    0.0206    0.0169   -0.0229   -0.6470   -0.9397   -0.1206   -0.2178    0.0876   -1.1017 
   26.0000  -26.0000   -7.5000    0.0254    0.0121   -0.0230   -0.9609   -1.4111   -0.0026   -0.1889    0.0738   -1.3568 
   26.0000  -22.0000   -7.5000    0.0300    0.0048   -0.0207   -1.5599   -2.0977    0.4530   -0.0709   -0.1326   -1.7789 
   26.0000  -18.0000   -7.5000    0.0299   -0.0070   -0.0174   -2.5399   -3.2828    1.7103   -0.0595   -0.5972   -2.7163 
   26.0000  -14.0000   -7.5000    0.0113   -0.0297   -0.0235   -2.6551   -6.2255    4.3705   -0.8960   -0.5095   -4.6099 
   26.0000  -10.0000   -7.5000   -0.0515   -0.0804   -0.0602    3.3653  -11.4712    5.3343   -3.4514    2.1504   -4.8733 
   26.0000   -6.0000   -7.5000   -0.1469   -0.1495   -0.0998   11.9503   -8.9143   -0.2076   -3.2896    1.8971    0.8011 
   26.0000   -2.0000   -7.5000   -0.2091   -0.1931   -0.0865   11.5836   -2.8838    0.3034   -2.3611   -2.1064    4.7944 
   26.0000    2.0000   -7.5000   -0.2307   -0.2110   -0.0601    9.3261    0.9387    1.1108   -2.8083   -3.2918    5.7198 
   26.0000    6.0000   -7.5000   -0.2309   -0.2132   -0.0393    7.6790    2.7003    1.0331   -2.7011   -3.1511    5.4288 
   26.0000   10.0000   -7.5000   -0.2213   -0.2078   -0.0237    6.4977    3.3363    0.8690   -2.3915   -2.7607    4.9190 
   26.0000   14.0000   -7.5000   -0.2069   -0.1991   -0.0121    5.5443    3.5055    0.7281   -2.0863   -2.3553    4.4479 
   26.0000   18.0000   -7.5000   -0.1899   -0.1888   -0.0036    4.6954    3.4919    0.6071   -1.8201   -1.9787    4.0407 
   26.0000   22.0000   -7.5000   -0.1716   -0.1776    0.0024    3.9014    3.4069    0.5011   -1.5895   -1.6378    3.6714 
   26.0000   26.0000   -7.5000   -0.1529   -0.1658    0.0063    3.1547    3.2900    0.4084   -1.3857   -1.3335    3.3120 
   26.0000   30.0000   -7.5000   -0.1346   -0.1537    0.0088    2.4699    3.1496    0.3285   -1.2018   -1.0667    2.9468 
   26.0000   34.0000   -7.5000   -0.1172   -0.1414    0.0100    1.8675    2.9841    0.2611   -1.0340   -0.8382    2.5749 
   26.0000   38.0000   -7.5000   -0.1013   -0.1293    0.0104    1.3623    2.7922    0.2053   -0.8813   -0.6480    2.2067 
   26.0000   42.0000   -7.5000   -0.0871   -0.1175    0.0103    0.9582    2.5781    0.1603   -0.7443   -0.4943    1.8568 
   26.0000   46.0000   -7.5000   -0.0747   -0.1063    0.0098    0.6485    2.3501    0.1245   -0.6236   -0.3733    1.5381 
   26.0000   50.0000   -7.5000   -0.0640   -0.0960    0.0092    0.4197    2.1184    0.0965   -0.5193   -0.2800    1.2585 
   30.0000  -50.0000   -7.5000    0.0073    0.0157   -0.0127   -0.1437   -0.1679   -0.0136   -0.0287   -0.0315   -0.3998 
   30.0000  -46.0000   -7.5000    0.0086    0.0148   -0.0148   -0.1792   -0.2899   -0.0251   -0.0575   -0.0229   -0.4400 
   30.0000  -42.0000   -7.5000    0.0103    0.0133   -0.0172   -0.2326   -0.4556   -0.0429   -0.0988   -0.0051   -0.4777 
   30.0000  -38.0000   -7.5000    0.0126    0.0109   -0.0199   -0.3158   -0.6759   -0.0682   -0.1549    0.0263   -0.5095 
   30.0000  -34.0000   -7.5000    0.0155    0.0074   -0.0228   -0.4484   -0.9618   -0.0997   -0.2261    0.0743   -0.5331 
   30.0000  -30.0000   -7.5000    0.0190    0.0026   -0.0257   -0.6629   -1.3217   -0.1287   -0.3113    0.1367   -0.5512 
   30.0000  -26.0000   -7.5000    0.0227   -0.0039   -0.0286   -1.0075   -1.7577   -0.1352   -0.4165    0.2034   -0.5877 
   30.0000  -22.0000   -7.5000    0.0251   -0.0122   -0.0318   -1.5109   -2.2689   -0.0906   -0.5804    0.2765   -0.7265 
   30.0000  -18.0000   -7.5000    0.0221   -0.0228   -0.0370   -2.0033   -2.8990   -0.0017   -0.8874    0.4542   -1.1485 
   30.0000  -14.0000   -7.5000    0.0057   -0.0369   -0.0474   -1.7060   -3.7734   -0.0699   -1.3238    0.9988   -1.9669 
   30.0000  -10.0000   -7.5000   -0.0340   -0.0570   -0.0630    0.8144   -4.7453   -0.7924   -1.3263    1.7774   -2.6572 
   30.0000   -6.0000   -7.5000   -0.0957   -0.0842   -0.0712    5.4028   -5.0917   -1.4593   -0.2720    1.0310   -1.8333 
   30.0000   -2.0000   -7.5000   -0.1536   -0.1156   -0.0603    8.3867   -4.1061   -0.4509   -0.0516   -1.3758    0.8557 
   30.0000    2.0000   -7.5000   -0.1857   -0.1415   -0.0423    8.4142   -1.8336    0.4543   -0.9017   -2.6052    3.0853 
   30.0000    6.0000   -7.5000   -0.1956   -0.1560   -0.0269    7.3695    0.1467    0.6700   -1.4021   -2.6717    3.9022 
   30.0000   10.0000   -7.5000   -0.1930   -0.1614   -0.0151    6.2839    1.3318    0.6434   -1.5142   -2.3856    3.9762 
   30.0000   14.0000   -7.5000   -0.1838   -0.1610   -0.0063    5.3351    1.9590    0.5638   -1.4596   -2.0444    3.7935 
   30.0000   18.0000   -7.5000   -0.1711   -0.1571    0.0001    4.5018    2.2726    0.4783   -1.3472   -1.7212    3.5363 
   30.0000   22.0000   -7.5000   -0.1566   -0.1510    0.0047    3.7511    2.4152    0.3987   -1.2184   -1.4308    3.2574 
   30.0000   26.0000   -7.5000   -0.1414   -0.1435    0.0078    3.0684    2.4600    0.3279   -1.0884   -1.1747    2.9676 
   30.0000   30.0000   -7.5000   -0.1261   -0.1350    0.0096    2.4538    2.4419    0.2667   -0.9623   -0.9518    2.6683 
   30.0000   34.0000   -7.5000   -0.1114   -0.1260    0.0106    1.9140    2.3772    0.2148   -0.8426   -0.7610    2.3630 
   30.0000   38.0000   -7.5000   -0.0976   -0.1167    0.0109    1.4549    2.2752    0.1715   -0.7306   -0.6009    2.0594 
   30.0000   42.0000   -7.5000   -0.0851   -0.1074    0.0107    1.0778    2.1441    0.1360   -0.6277   -0.4693    1.7674 
   30.0000   46.0000   -7.5000   -0.0739   -0.0983    0.0103    0.7782    1.9924    0.1074   -0.5351   -0.3634    1.4962 
   30.0000   50.0000   -7.5000   -0.0641   -0.0897    0.0097    0.5471    1.8291    0.0846   -0.4532   -0.2797    1.2524 
   34.0000  -50.0000   -7.5000    0.0069    0.0103   -0.0133   -0.1322   -0.2902   -0.0124   -0.0447   -0.0167   -0.2958 
   34.0000  -46.0000   -7.5000    0.0082    0.0087   -0.0154   -0.1735   -0.4175   -0.0217   -0.0730   -0.0045   -0.3035 
   34.0000  -42.0000   -7.5000    0.0098    0.0065   -0.0178   -0.2380   -0.5796   -0.0359   -0.1121    0.0175   -0.2991 
   34.0000  -38.0000   -7.5000    0.0119    0.0036   -0.0205   -0.3396   -0.7799   -0.0565   -0.1647    0.0536   -0.2783 
   34.0000  -34.0000   -7.5000    0.0145   -0.0003   -0.0235   -0.4996   -1.0171   -0.0850   -0.2330    0.1094   -0.2391 
   34.0000  -30.0000   -7.5000    0.0173   -0.0051   -0.0269   -0.7459   -1.2807   -0.1230   -0.3203    0.1915   -0.1890 
   34.0000  -26.0000   -7.5000    0.0197   -0.0109   -0.0307   -1.1026   -1.5476   -0.1740   -0.4325    0.3114   -0.1601 
   34.0000  -22.0000   -7.5000    0.0202   -0.0173   -0.0354   -1.5475   -1.7868   -0.2524   -0.5757    0.4971   -0.2300 
   34.0000  -18.0000   -7.5000    0.0157   -0.0242   -0.0413   -1.9097   -1.9819   -0.3986   -0.7249    0.8012   -0.5248 
   34.0000  -14.0000   -7.5000    0.0013   -0.0315   -0.0486   -1.7348   -2.1666   -0.6740   -0.7387    1.2270   -1.1393 
   34.0000  -10.0000   -7.5000   -0.0278   -0.0405   -0.0548   -0.3324   -2.4664   -1.0161   -0.3489    1.4558   -1.8994 
   34.0000   -6.0000   -7.5000   -0.0706   -0.0540   -0.0544    2.4797   -2.9931   -1.0034    0.3315    0.7924   -2.0245 
   34.0000   -2.0000   -7.5000   -0.1148   -0.0738   -0.0451    5.2630   -3.1773   -0.4329    0.4605   -0.6263   -0.7620 
   34.0000    2.0000   -7.5000   -0.1460   -0.0954   -0.0320    6.4487   -2.3486    0.1258   -0.0561   -1.6479    1.0367 
   34.0000    6.0000   -7.5000   -0.1611   -0.1123   -0.0200    6.3136   -1.0584    0.3757   -0.5677   -1.9559    2.2535 
   34.0000   10.0000   -7.5000   -0.1644   -0.1227   -0.0106    5.6698    0.0427    0.4306   -0.8426   -1.8819    2.8000 
   34.0000   14.0000   -7.5000   -0.1603   -0.1276   -0.0034    4.9259    0.8016    0.4078   -0.9406   -1.6766    2.9498 
   34.0000   18.0000   -7.5000   -0.1520   -0.1285    0.0019    4.2079    1.2823    0.3602   -0.9427   -1.4438    2.9042 
   34.0000   22.0000   -7.5000   -0.1413   -0.1266    0.0057    3.5437    1.5732    0.3078   -0.8977   -1.2199    2.7638 
   34.0000   26.0000   -7.5000   -0.1293   -0.1226    0.0082    2.9381    1.7388    0.2579   -0.8306   -1.0162    2.5738 
   34.0000   30.0000   -7.5000   -0.1169   -0.1173    0.0098    2.3932    1.8192    0.2132   -0.7541   -0.8362    2.3553 
   34.0000   34.0000   -7.5000   -0.1047   -0.1111    0.0106    1.9126    1.8381    0.1744   -0.6748   -0.6801    2.1208 
   34.0000   38.0000   -7.5000   -0.0930   -0.1043    0.0109    1.4988    1.8107    0.1415   -0.5966   -0.5473    1.8805 
   34.0000   42.0000   -7.5000   -0.0821   -0.0972    0.0108    1.1519    1.7478    0.1141   -0.5220   -0.4363    1.6439 
   34.0000   46.0000   -7.5000   -0.0722   -0.0900    0.0104    0.8687    1.6589    0.0916   -0.4528   -0.3452    1.4188 
   34.0000   50.0000   -7.5000   -0.0633   -0.0830    0.0098    0.6430    1.5526    0.0733   -0.3900   -0.2715    1.2114 
   38.0000  -50.0000   -7.5000    0.0066    0.0061   -0.0136   -0.1383   -0.3501   -0.0112   -0.0525   -0.0029   -0.2021 
   38.0000  -46.0000   -7.5000    0.0079    0.0043   -0.0156   -0.1885   -0.4631   -0.0186   -0.0777    0.0120   -0.1886 
   38.0000  -42.0000   -7.5000    0.0094    0.0019   -0.0178   -0.2653   -0.5972   -0.0298   -0.1110    0.0363   -0.1616 
   38.0000  -38.0000   -7.5000    0.0112   -0.0010   -0.0204   -0.3817   -0.7493   -0.0460   -0.1538    0.0742   -0.1196 
   38.0000  -34.0000   -7.5000    0.0132   -0.0045   -0.0233   -0.5547   -0.9100   -0.0695   -0.2068    0.1313   -0.0663 
   38.0000  -30.0000   -7.5000    0.0150   -0.0085   -0.0265   -0.8001   -1.0624   -0.1031   -0.2697    0.2148   -0.0173 
   38.0000  -26.0000   -7.5000    0.0161   -0.0128   -0.0301   -1.1187   -1.1822   -0.1523   -0.3386    0.3347   -0.0100 
   38.0000  -22.0000   -7.5000    0.0149   -0.0170   -0.0342   -1.4625   -1.2483   -0.2265   -0.3985    0.5027   -0.1116 
   38.0000  -18.0000   -7.5000    0.0091   -0.0210   -0.0385   -1.6794   -1.2667   -0.3362   -0.4071    0.7162   -0.4065 
   38.0000  -14.0000   -7.5000   -0.0040   -0.0248   -0.0423   -1.4689   -1.3076   -0.4721   -0.2848    0.9065   -0.9307 
   38.0000  -10.0000   -7.5000   -0.0266   -0.0298   -0.0440   -0.4630   -1.5135   -0.5612    0.0188    0.8749   -1.5219 
   38.0000   -6.0000   -7.5000   -0.0575   -0.0382   -0.0413    1.3854   -1.9341   -0.4786    0.3536    0.4038   -1.7078 
   38.0000   -2.0000   -7.5000   -0.0899   -0.0514   -0.0342    3.3861   -2.2357   -0.2177    0.4141   -0.3786   -1.0845 
   38.0000    2.0000   -7.5000   -0.1158   -0.0673   -0.0248    4.6561   -2.0073    0.0542    0.1581   -1.0379    0.0589 
   38.0000    6.0000   -7.5000   -0.1316   -0.0821   -0.0156    5.0181   -1.3365    0.2182   -0.1790   -1.3559    1.1074 
   38.0000   10.0000   -7.5000   -0.1382   -0.0933   -0.0080    4.8068   -0.5669    0.2807   -0.4311   -1.4055    1.7868 
   38.0000   14.0000   -7.5000   -0.1380   -0.1005   -0.0020    4.3454    0.0903    0.2853   -0.5728   -1.3164    2.1333 
   38.0000   18.0000   -7.5000   -0.1335   -0.1042    0.0025    3.8074    0.5824    0.2637   -0.6323   -1.1725    2.2586 
   38.0000   22.0000   -7.5000   -0.1261   -0.1051    0.0058    3.2677    0.9270    0.2324   -0.6403   -1.0152    2.2504 
   38.0000   26.0000   -7.5000   -0.1171   -0.1039    0.0080    2.7567    1.1567    0.1994   -0.6182   -0.8628    2.1627 
   38.0000   30.0000   -7.5000   -0.1074   -0.1011    0.0094    2.2878    1.3002    0.1682   -0.5793   -0.7229    2.0269 
   38.0000   34.0000   -7.5000   -0.0974   -0.0972    0.0102    1.8679    1.3786    0.1400   -0.5318   -0.5986    1.8624 
   38.0000   38.0000   -7.5000   -0.0876   -0.0924    0.0105    1.5006    1.4071    0.1156   -0.4804   -0.4906    1.6827 
   38.0000   42.0000   -7.5000   -0.0783   -0.0872    0.0105    1.1867    1.3969    0.0947   -0.4286   -0.3986    1.4982 
   38.0000   46.0000   -7.5000   -0.0697   -0.0817    0.0102    0.9244    1.3576    0.0772   -0.3785   -0.3214    1.3170 
   38.0000   50.0000   -7.5000   -0.0618   -0.0762    0.0097    0.7099    1.2971    0.0628   -0.3315   -0.2577    1.1452 
   42.0000  -50.0000   -7.5000    0.0064    0.0030   -0.0136   -0.1531   -0.3636   -0.0099   -0.0537    0.0084   -0.1273 
   42.0000  -46.0000   -7.5000    0.0075    0.0012   -0.0154   -0.2105   -0.4536   -0.0157   -0.0742    0.0243   -0.1044 
   42.0000  -42.0000   -7.5000    0.0087   -0.0010   -0.0175   -0.2942   -0.5522   -0.0242   -0.0998    0.0486   -0.0715 
   42.0000  -38.0000   -7.5000    0.0101   -0.0035   -0.0198   -0.4138   -0.6534   -0.0364   -0.1304    0.0843   -0.0310 
   42.0000  -34.0000   -7.5000    0.0114   -0.0064   -0.0223   -0.5789   -0.7464   -0.0538   -0.1648    0.1352    0.0086 
   42.0000  -30.0000   -7.5000    0.0123   -0.0093   -0.0250   -0.7924   -0.8169   -0.0782   -0.1996    0.2054    0.0280 
   42.0000  -26.0000   -7.5000    0.0121   -0.0123   -0.0279   -1.0379   -0.8509   -0.1120   -0.2269    0.2974   -0.0071 
   42.0000  -22.0000   -7.5000    0.0095   -0.0149   -0.0308   -1.2580   -0.8458   -0.1575   -0.2306    0.4081   -0.1440 
   42.0000  -18.0000   -7.5000    0.0032   -0.0172   -0.0334   -1.3293   -0.8277   -0.2120   -0.1847    0.5160   -0.4244 
   42.0000  -14.0000   -7.5000   -0.0085   -0.0196   -0.0351   -1.0627   -0.8638   -0.2605   -0.0631    0.5635   -0.8339 
   42.0000  -10.0000   -7.5000   -0.0265   -0.0230   -0.0347   -0.2850   -1.0364   -0.2698    0.1221    0.4592   -1.2326 
   42.0000   -6.0000   -7.5000   -0.0493   -0.0290   -0.0317    0.9713   -1.3373   -0.2076    0.2831    0.1466   -1.3558 
   42.0000   -2.0000   -7.5000   -0.0733   -0.0383   -0.0262    2.3459   -1.5828   -0.0840    0.3069   -0.2971   -1.0121 
   42.0000    2.0000   -7.5000   -0.0937   -0.0499   -0.0194    3.3803   -1.5569    0.0470    0.1758   -0.6986   -0.3082 
   42.0000    6.0000   -7.5000   -0.1080   -0.0617   -0.0124    3.8770   -1.2361    0.1399   -0.0249   -0.9431    0.4582 
   42.0000   10.0000   -7.5000   -0.1158   -0.0718   -0.0063    3.9247   -0.7607    0.1862   -0.2081   -1.0293    1.0701 
   42.0000   14.0000   -7.5000   -0.1181   -0.0794   -0.0013    3.7006   -0.2751    0.1982   -0.3374   -1.0085    1.4697 
   42.0000   18.0000   -7.5000   -0.1163   -0.0844    0.0025    3.3448    0.1436    0.1905   -0.4125   -0.9307    1.6871 
   42.0000   22.0000   -7.5000   -0.1117   -0.0870    0.0054    2.9407    0.4731    0.1732   -0.4461   -0.8286    1.7725 
   42.0000   26.0000   -7.5000   -0.1053   -0.0876    0.0074    2.5326    0.7176    0.1524   -0.4513   -0.7205    1.7682 
   42.0000   30.0000   -7.5000   -0.0978   -0.0866    0.0088    2.1438    0.8896    0.1313   -0.4379   -0.6159    1.7048 
   42.0000   34.0000   -7.5000   -0.0899   -0.0845    0.0096    1.7864    1.0026    0.1115   -0.4133   -0.5196    1.6032 
   42.0000   38.0000   -7.5000   -0.0819   -0.0814    0.0099    1.4669    1.0679    0.0936   -0.3823   -0.4337    1.4782 
   42.0000   42.0000   -7.5000   -0.0740   -0.0778    0.0100    1.1882    1.0953    0.0780   -0.3481   -0.3587    1.3412 
   42.0000   46.0000   -7.5000   -0.0666   -0.0737    0.0098    0.9501    1.0929    0.0646   -0.3131   -0.2945    1.2004 
   42.0000   50.0000   -7.5000   -0.0597   -0.0694    0.0094    0.7507    1.0678    0.0533   -0.2789   -0.2403    1.0622 
   46.0000  -50.0000   -7.5000    0.0060    0.0008   -0.0134   -0.1691   -0.3474   -0.0085   -0.0504    0.0166   -0.0738 
   46.0000  -46.0000   -7.5000    0.0069   -0.0008   -0.0150   -0.2294   -0.4131   -0.0129   -0.0658    0.0320   -0.0501 
   46.0000  -42.0000   -7.5000    0.0079   -0.0027   -0.0168   -0.3126   -0.4792   -0.0192   -0.0836    0.0541   -0.0219 
   46.0000  -38.0000   -7.5000    0.0088   -0.0047   -0.0188   -0.4239   -0.5392   -0.0279   -0.1028    0.0847    0.0059 
   46.0000  -34.0000   -7.5000    0.0094   -0.0069   -0.0208   -0.5657   -0.5850   -0.0397   -0.1213    0.1254    0.0230 
   46.0000  -30.0000   -7.5000    0.0094   -0.0090   -0.0230   -0.7316   -0.6080   -0.0553   -0.1350    0.1770    0.0114 
   46.0000  -26.0000   -7.5000    0.0082   -0.0110   -0.0251   -0.8973   -0.6046   -0.0751   -0.1369    0.2373   -0.0544 
   46.0000  -22.0000   -7.5000    0.0049   -0.0126   -0.0270   -1.0095   -0.5834   -0.0984   -0.1165    0.2978   -0.2012 
   46.0000  -18.0000   -7.5000   -0.0015   -0.0141   -0.0283   -0.9794   -0.5728   -0.1209   -0.0628    0.3382   -0.4404 
   46.0000  -14.0000   -7.5000   -0.0117   -0.0158   -0.0287   -0.6985   -0.6191   -0.1336    0.0272    0.3247   -0.7388 
   46.0000  -10.0000   -7.5000   -0.0261   -0.0185   -0.0276   -0.0950   -0.7590   -0.1239    0.1349    0.2199   -0.9951 
   46.0000   -6.0000   -7.5000   -0.0434   -0.0231   -0.0248    0.7820   -0.9702   -0.0840    0.2150    0.0137   -1.0652 
   46.0000   -2.0000   -7.5000   -0.0614   -0.0300   -0.0205    1.7346   -1.1508   -0.0209    0.2225   -0.2513   -0.8563 
   46.0000    2.0000   -7.5000   -0.0775   -0.0386   -0.0153    2.5182   -1.1858    0.0455    0.1496   -0.4991   -0.4118 
   46.0000    6.0000   -7.5000   -0.0897   -0.0478   -0.0100    2.9907   -1.0382    0.0972    0.0300   -0.6716    0.1233 
   46.0000   10.0000   -7.5000   -0.0974   -0.0563   -0.0052    3.1527   -0.7584    0.1275   -0.0938   -0.7549    0.6114 
   46.0000   14.0000   -7.5000   -0.1009   -0.0634   -0.0010    3.0842   -0.4260    0.1389   -0.1949   -0.7657    0.9827 
   46.0000   18.0000   -7.5000   -0.1009   -0.0686    0.0023    2.8749   -0.1031    0.1374   -0.2650   -0.7294    1.2271 
   46.0000   22.0000   -7.5000   -0.0984   -0.0720    0.0048    2.5932    0.1777    0.1284   -0.3063   -0.6673    1.3628 
   46.0000   26.0000   -7.5000   -0.0941   -0.0737    0.0067    2.2834    0.4051    0.1158   -0.3249   -0.5941    1.4151 
   46.0000   30.0000   -7.5000   -0.0886   -0.0740    0.0080    1.9726    0.5795    0.1019   -0.3270   -0.5185    1.4069 
   46.0000   34.0000   -7.5000   -0.0824   -0.0732    0.0088    1.6769    0.7062    0.0882   -0.3178   -0.4458    1.3566 
   46.0000   38.0000   -7.5000   -0.0759   -0.0714    0.0092    1.4053    0.7917    0.0753   -0.3011   -0.3788    1.2780 
   46.0000   42.0000   -7.5000   -0.0694   -0.0690    0.0093    1.1626    0.8430    0.0638   -0.2800   -0.3188    1.1821 
   46.0000   46.0000   -7.5000   -0.0631   -0.0661    0.0093    0.9506    0.8661    0.0537   -0.2566   -0.2662    1.0771 
   46.0000   50.0000   -7.5000   -0.0572   -0.0629    0.0090    0.7690    0.8669    0.0449   -0.2325   -0.2208    0.9694 
   50.0000  -50.0000   -7.5000    0.0056   -0.0006   -0.0130   -0.1814   -0.3150   -0.0071   -0.0445    0.0215   -0.0393 
   50.0000  -46.0000   -7.5000    0.0062   -0.0020   -0.0144   -0.2400   -0.3597   -0.0104   -0.0551    0.0354   -0.0201 
   50.0000  -42.0000   -7.5000    0.0069   -0.0036   -0.0159   -0.3164   -0.4003   -0.0148   -0.0663    0.0541   -0.0012 
   50.0000  -38.0000   -7.5000    0.0073   -0.0052   -0.0175   -0.4119   -0.4319   -0.0207   -0.0766    0.0784    0.0115 
   50.0000  -34.0000   -7.5000    0.0074   -0.0068   -0.0191   -0.5237   -0.4495   -0.0282   -0.0841    0.1083    0.0082 
   50.0000  -30.0000   -7.5000    0.0067   -0.0083   -0.0208   -0.6408   -0.4500   -0.0374   -0.0851    0.1428   -0.0249 
   50.0000  -26.0000   -7.5000    0.0048   -0.0096   -0.0222   -0.7383   -0.4359   -0.0478   -0.0750    0.1779   -0.1039 
   50.0000  -22.0000   -7.5000    0.0012   -0.0107   -0.0233   -0.7738   -0.4187   -0.0583   -0.0488    0.2053   -0.2405 
   50.0000  -18.0000   -7.5000   -0.0049   -0.0117   -0.0239   -0.6890   -0.4213   -0.0658   -0.0033    0.2113   -0.4306 
   50.0000  -14.0000   -7.5000   -0.0137   -0.0132   -0.0236   -0.4257   -0.4707   -0.0660    0.0580    0.1781   -0.6410 
   50.0000  -10.0000   -7.5000   -0.0253   -0.0154   -0.0223    0.0413   -0.5806   -0.0543    0.1209    0.0916   -0.8044 
   50.0000   -6.0000   -7.5000   -0.0387   -0.0191   -0.0198    0.6691   -0.7301   -0.0292    0.1626   -0.0466   -0.8413 
   50.0000   -2.0000   -7.5000   -0.0525   -0.0243   -0.0164    1.3438   -0.8609    0.0053    0.1633   -0.2131   -0.7043 
   50.0000    2.0000   -7.5000   -0.0652   -0.0309   -0.0124    1.9287   -0.9090    0.0412    0.1197   -0.3713   -0.4127 
   50.0000    6.0000   -7.5000   -0.0754   -0.0381   -0.0082    2.3300   -0.8443    0.0707    0.0461   -0.4909   -0.0400 
   50.0000   10.0000   -7.5000   -0.0825   -0.0451   -0.0043    2.5250   -0.6819    0.0899   -0.0363   -0.5598    0.3314 
   50.0000   14.0000   -7.5000   -0.0864   -0.0512   -0.0009    2.5438   -0.4621    0.0988   -0.1108   -0.5819    0.6451 
   50.0000   18.0000   -7.5000   -0.0876   -0.0562    0.0020    2.4371   -0.2257    0.0997   -0.1689   -0.5690    0.8783 
   50.0000   22.0000   -7.5000   -0.0865   -0.0598    0.0042    2.2528   -0.0018    0.0953   -0.2087   -0.5335    1.0312 
   50.0000   26.0000   -7.5000   -0.0838   -0.0621    0.0059    2.0277    0.1936    0.0878   -0.2320   -0.4857    1.1151 
   50.0000   30.0000   -7.5000   -0.0799   -0.0632    0.0072    1.7876    0.3545    0.0788   -0.2422   -0.4326    1.1442 
   50.0000   34.0000   -7.5000   -0.0752   -0.0633    0.0080    1.5494    0.4802    0.0695   -0.2423   -0.3790    1.1321 
   50.0000   38.0000   -7.5000   -0.0700   -0.0625    0.0084    1.3235    0.5731    0.0604   -0.2353   -0.3277    1.0903 
   50.0000   42.0000   -7.5000   -0.0647   -0.0611    0.0087    1.1163    0.6371    0.0520   -0.2236   -0.2804    1.0283 
   50.0000   46.0000   -7.5000   -0.0595   -0.0591    0.0087    0.9310    0.6763    0.0444   -0.2088   -0.2379    0.9539 
   50.0000   50.0000   -7.5000   -0.0543   -0.0568    0.0085    0.7687    0.6949    0.0377   -0.1924   -0.2005    0.8729 
